Species,Scientific Name,UTC Date,Local Date,Local Time,Score,Count
Eastern Phoebe,Sayornis phoebe,2026-05-05T23:59:34.500000Z,05-May-2026,19:59:34,0.9047,1
Eastern Phoebe,Sayornis phoebe,2026-05-05T23:59:00.500000Z,05-May-2026,19:59:00,0.8949,3
Eastern Phoebe,Sayornis phoebe,2026-05-05T23:58:13.500000Z,05-May-2026,19:58:13,0.9253,2
Eastern Phoebe,Sayornis phoebe,2026-05-05T23:57:47.500000Z,05-May-2026,19:57:47,0.8944,1
Eastern Phoebe,Sayornis phoebe,2026-05-05T23:57:17.500000Z,05-May-2026,19:57:17,0.8957,1
Eastern Phoebe,Sayornis phoebe,2026-05-05T23:56:27.500000Z,05-May-2026,19:56:27,0.9136,2
Eastern Phoebe,Sayornis phoebe,2026-05-05T23:55:55.500000Z,05-May-2026,19:55:55,0.8954,1
Eastern Phoebe,Sayornis phoebe,2026-05-05T23:55:42.500000Z,05-May-2026,19:55:42,0.9108,1
Eastern Phoebe,Sayornis phoebe,2026-05-05T23:55:15.500000Z,05-May-2026,19:55:15,0.9311,1
Eastern Phoebe,Sayornis phoebe,2026-05-05T23:54:21.500000Z,05-May-2026,19:54:21,0.9035,1
Eastern Phoebe,Sayornis phoebe,2026-05-05T23:54:15.500000Z,05-May-2026,19:54:15,0.9055,3
Eastern Phoebe,Sayornis phoebe,2026-05-05T23:53:44.500000Z,05-May-2026,19:53:44,0.9334,4
Eastern Phoebe,Sayornis phoebe,2026-05-05T23:52:51.500000Z,05-May-2026,19:52:51,0.9446,2
Eastern Phoebe,Sayornis phoebe,2026-05-05T23:52:27.500000Z,05-May-2026,19:52:27,0.9015,2
Eastern Phoebe,Sayornis phoebe,2026-05-05T23:51:28.500000Z,05-May-2026,19:51:28,0.9222,2
Eastern Phoebe,Sayornis phoebe,2026-05-05T23:51:12.500000Z,05-May-2026,19:51:12,0.9178,1
Eastern Phoebe,Sayornis phoebe,2026-05-05T23:50:25.500000Z,05-May-2026,19:50:25,0.9069,1
Eastern Phoebe,Sayornis phoebe,2026-05-05T23:50:13.500000Z,05-May-2026,19:50:13,0.9392,2
Eastern Phoebe,Sayornis phoebe,2026-05-05T23:49:34.500000Z,05-May-2026,19:49:34,0.9048,4
Eastern Phoebe,Sayornis phoebe,2026-05-05T23:49:10.500000Z,05-May-2026,19:49:10,0.9433,3
Eastern Phoebe,Sayornis phoebe,2026-05-05T23:48:30.500000Z,05-May-2026,19:48:30,0.9231,2
Eastern Phoebe,Sayornis phoebe,2026-05-05T23:47:51.500000Z,05-May-2026,19:47:51,0.9039,2
Eastern Phoebe,Sayornis phoebe,2026-05-05T23:47:43.500000Z,05-May-2026,19:47:43,0.896,1
Eastern Phoebe,Sayornis phoebe,2026-05-05T23:46:55.500000Z,05-May-2026,19:46:55,0.9058,1
Eastern Phoebe,Sayornis phoebe,2026-05-05T23:46:43.500000Z,05-May-2026,19:46:43,0.8977,2
Eastern Phoebe,Sayornis phoebe,2026-05-05T23:45:51.500000Z,05-May-2026,19:45:51,0.9024,1
Eastern Phoebe,Sayornis phoebe,2026-05-05T23:45:27.500000Z,05-May-2026,19:45:27,0.9105,1
Eastern Phoebe,Sayornis phoebe,2026-05-05T23:45:07.500000Z,05-May-2026,19:45:07,0.9252,1
Eastern Phoebe,Sayornis phoebe,2026-05-05T23:44:29.500000Z,05-May-2026,19:44:29,0.904,1
Eastern Phoebe,Sayornis phoebe,2026-05-05T23:44:16.500000Z,05-May-2026,19:44:16,0.9,1
Eastern Phoebe,Sayornis phoebe,2026-05-05T23:43:27.500000Z,05-May-2026,19:43:27,0.8967,1
Eastern Phoebe,Sayornis phoebe,2026-05-05T23:43:00.500000Z,05-May-2026,19:43:00,0.9089,2
Eastern Phoebe,Sayornis phoebe,2026-05-05T23:42:28.500000Z,05-May-2026,19:42:28,0.8939,1
Eastern Phoebe,Sayornis phoebe,2026-05-05T23:42:09.500000Z,05-May-2026,19:42:09,0.8873,1
Eastern Phoebe,Sayornis phoebe,2026-05-05T23:41:23.500000Z,05-May-2026,19:41:23,0.9173,1
Eastern Phoebe,Sayornis phoebe,2026-05-05T23:41:18.500000Z,05-May-2026,19:41:18,0.8987,1
Eastern Phoebe,Sayornis phoebe,2026-05-05T23:40:26.500000Z,05-May-2026,19:40:26,0.8972,2
Eastern Phoebe,Sayornis phoebe,2026-05-05T23:39:54.500000Z,05-May-2026,19:39:54,0.9299,2
Eastern Phoebe,Sayornis phoebe,2026-05-05T23:39:46.500000Z,05-May-2026,19:39:46,0.9448,1
Eastern Phoebe,Sayornis phoebe,2026-05-05T23:38:53.500000Z,05-May-2026,19:38:53,0.9315,1
Eastern Phoebe,Sayornis phoebe,2026-05-05T23:38:30.500000Z,05-May-2026,19:38:30,0.9194,1
Eastern Phoebe,Sayornis phoebe,2026-05-05T23:38:09.500000Z,05-May-2026,19:38:09,0.9046,2
American Crow,Corvus brachyrhynchos,2026-05-05T23:34:56.500000Z,05-May-2026,19:34:56,0.6857,1
American Robin,Turdus migratorius,2026-05-05T23:31:40.500000Z,05-May-2026,19:31:40,0.9519,3
American Robin,Turdus migratorius,2026-05-05T23:15:31.500000Z,05-May-2026,19:15:31,0.8156,1
Chipping Sparrow,Spizella passerina,2026-05-05T16:29:08.500000Z,05-May-2026,12:29:08,0.6929,1
Tree Swallow,Tachycineta bicolor,2026-05-05T16:09:41.500000Z,05-May-2026,12:09:41,0.9321,2
Chipping Sparrow,Spizella passerina,2026-05-05T15:54:51.500000Z,05-May-2026,11:54:51,0.8914,1
Chipping Sparrow,Spizella passerina,2026-05-05T15:33:04.500000Z,05-May-2026,11:33:04,0.7177,1
White-breasted Nuthatch,Sitta carolinensis,2026-05-05T15:08:10.500000Z,05-May-2026,11:08:10,0.8339,1
White-breasted Nuthatch,Sitta carolinensis,2026-05-05T14:54:40.500000Z,05-May-2026,10:54:40,0.8842,2
Black-capped Chickadee,Poecile atricapillus,2026-05-05T14:53:56.500000Z,05-May-2026,10:53:56,0.8515,1
White-breasted Nuthatch,Sitta carolinensis,2026-05-05T14:50:24.500000Z,05-May-2026,10:50:24,0.9053,3
White-breasted Nuthatch,Sitta carolinensis,2026-05-05T14:50:12.500000Z,05-May-2026,10:50:12,0.9039,3
Red-shouldered Hawk,Buteo lineatus,2026-05-05T14:43:50.500000Z,05-May-2026,10:43:50,0.5379,2
American Crow,Corvus brachyrhynchos,2026-05-05T14:36:00.500000Z,05-May-2026,10:36:00,0.7283,1
Purple Finch,Haemorhous purpureus,2026-05-05T14:24:22.500000Z,05-May-2026,10:24:22,0.8934,1
Purple Finch,Haemorhous purpureus,2026-05-05T14:22:52.500000Z,05-May-2026,10:22:52,0.881,1
Song Sparrow,Melospiza melodia,2026-05-05T14:18:04.500000Z,05-May-2026,10:18:04,0.9176,1
Blue Jay,Cyanocitta cristata,2026-05-05T14:16:25.500000Z,05-May-2026,10:16:25,0.882,1
Blue Jay,Cyanocitta cristata,2026-05-05T14:16:14.500000Z,05-May-2026,10:16:14,0.9761,3
Blue Jay,Cyanocitta cristata,2026-05-05T14:15:30.500000Z,05-May-2026,10:15:30,0.9577,1
Chipping Sparrow,Spizella passerina,2026-05-05T14:04:55.500000Z,05-May-2026,10:04:55,0.9311,3
Chipping Sparrow,Spizella passerina,2026-05-05T14:01:20.500000Z,05-May-2026,10:01:20,0.9357,2
Northern Cardinal,Cardinalis cardinalis,2026-05-05T13:42:17.500000Z,05-May-2026,09:42:17,0.8895,1
Northern Cardinal,Cardinalis cardinalis,2026-05-05T13:39:15.500000Z,05-May-2026,09:39:15,0.8916,1
Northern Cardinal,Cardinalis cardinalis,2026-05-05T13:35:31.500000Z,05-May-2026,09:35:31,0.8945,1
European Starling,Sturnus vulgaris,2026-05-05T13:27:55.500000Z,05-May-2026,09:27:55,0.913,1
Blue Jay,Cyanocitta cristata,2026-05-05T13:07:11.500000Z,05-May-2026,09:07:11,0.7739,2
Purple Finch,Haemorhous purpureus,2026-05-05T13:01:13.500000Z,05-May-2026,09:01:13,0.5632,1
Northern Flicker,Colaptes auratus,2026-05-05T12:58:28.500000Z,05-May-2026,08:58:28,0.9346,1
American Robin,Turdus migratorius,2026-05-05T12:46:40.500000Z,05-May-2026,08:46:40,0.9207,1
Palm Warbler,Setophaga palmarum,2026-05-05T12:42:30Z,05-May-2026,08:42:30,0.28,1
Palm Warbler,Setophaga palmarum,2026-05-05T12:42:20Z,05-May-2026,08:42:20,0.26,1
Rose-breasted Grosbeak,Pheucticus ludovicianus,2026-05-05T12:41:49Z,05-May-2026,08:41:49,0.79,1
Rose-breasted Grosbeak,Pheucticus ludovicianus,2026-05-05T12:41:42Z,05-May-2026,08:41:42,0.91,1
Palm Warbler,Setophaga palmarum,2026-05-05T12:41:33Z,05-May-2026,08:41:33,0.26,1
Palm Warbler,Setophaga palmarum,2026-05-05T12:41:17Z,05-May-2026,08:41:17,0.56,1
Palm Warbler,Setophaga palmarum,2026-05-05T12:40:52Z,05-May-2026,08:40:52,0.43,1
Palm Warbler,Setophaga palmarum,2026-05-05T12:40:42Z,05-May-2026,08:40:42,0.4,1
Palm Warbler,Setophaga palmarum,2026-05-05T12:40:26Z,05-May-2026,08:40:26,0.26,1
Palm Warbler,Setophaga palmarum,2026-05-05T12:39:46Z,05-May-2026,08:39:46,0.72,1
Palm Warbler,Setophaga palmarum,2026-05-05T12:39:33Z,05-May-2026,08:39:33,0.48,1
Palm Warbler,Setophaga palmarum,2026-05-05T12:38:49Z,05-May-2026,08:38:49,0.29,1
Palm Warbler,Setophaga palmarum,2026-05-05T12:38:33Z,05-May-2026,08:38:33,0.54,1
Palm Warbler,Setophaga palmarum,2026-05-05T12:38:24Z,05-May-2026,08:38:24,0.48,1
Palm Warbler,Setophaga palmarum,2026-05-05T12:38:08Z,05-May-2026,08:38:08,0.37,1
Palm Warbler,Setophaga palmarum,2026-05-05T12:37:48Z,05-May-2026,08:37:48,0.43,1
Palm Warbler,Setophaga palmarum,2026-05-05T12:37:39Z,05-May-2026,08:37:39,0.63,1
Palm Warbler,Setophaga palmarum,2026-05-05T12:37:30Z,05-May-2026,08:37:30,0.43,1
Palm Warbler,Setophaga palmarum,2026-05-05T12:37:20Z,05-May-2026,08:37:20,0.49,1
Swamp Sparrow,Melospiza georgiana,2026-05-05T12:37:10Z,05-May-2026,08:37:10,0.27,1
Palm Warbler,Setophaga palmarum,2026-05-05T12:37:03Z,05-May-2026,08:37:03,0.38,1
Palm Warbler,Setophaga palmarum,2026-05-05T12:36:34Z,05-May-2026,08:36:34,0.28,1
Palm Warbler,Setophaga palmarum,2026-05-05T12:36:27Z,05-May-2026,08:36:27,0.65,1
Palm Warbler,Setophaga palmarum,2026-05-05T12:35:59Z,05-May-2026,08:35:59,0.34,1
Palm Warbler,Setophaga palmarum,2026-05-05T12:35:52Z,05-May-2026,08:35:52,0.59,1
American Goldfinch,Spinus tristis,2026-05-05T12:35:43Z,05-May-2026,08:35:43,0.8157,1
Palm Warbler,Setophaga palmarum,2026-05-05T12:35:10Z,05-May-2026,08:35:10,0.27,1
Palm Warbler,Setophaga palmarum,2026-05-05T12:35:04Z,05-May-2026,08:35:04,0.65,1
Palm Warbler,Setophaga palmarum,2026-05-05T12:33:36Z,05-May-2026,08:33:36,0.32,1
Northern Cardinal,Cardinalis cardinalis,2026-05-05T12:33:05Z,05-May-2026,08:33:05,0.8,3
Palm Warbler,Setophaga palmarum,2026-05-05T12:32:21Z,05-May-2026,08:32:21,0.48,1
Palm Warbler,Setophaga palmarum,2026-05-05T12:31:50Z,05-May-2026,08:31:50,0.4,1
Northern Cardinal,Cardinalis cardinalis,2026-05-05T12:31:33Z,05-May-2026,08:31:33,0.9333,1
Palm Warbler,Setophaga palmarum,2026-05-05T12:31:29Z,05-May-2026,08:31:29,0.36,1
Palm Warbler,Setophaga palmarum,2026-05-05T12:31:23Z,05-May-2026,08:31:23,0.57,1
Palm Warbler,Setophaga palmarum,2026-05-05T12:31:10Z,05-May-2026,08:31:10,0.38,1
Palm Warbler,Setophaga palmarum,2026-05-05T12:27:07Z,05-May-2026,08:27:07,0.38,1
Rose-breasted Grosbeak,Pheucticus ludovicianus,2026-05-05T12:25:57Z,05-May-2026,08:25:57,0.61,1
Palm Warbler,Setophaga palmarum,2026-05-05T12:25:50Z,05-May-2026,08:25:50,0.73,1
Rose-breasted Grosbeak,Pheucticus ludovicianus,2026-05-05T12:25:44Z,05-May-2026,08:25:44,0.36,1
Rose-breasted Grosbeak,Pheucticus ludovicianus,2026-05-05T12:25:09Z,05-May-2026,08:25:09,0.85,1
Eastern Phoebe,Sayornis phoebe,2026-05-05T12:24:38Z,05-May-2026,08:24:38,0.59,1
Palm Warbler,Setophaga palmarum,2026-05-05T12:23:20Z,05-May-2026,08:23:20,0.76,1
Palm Warbler,Setophaga palmarum,2026-05-05T12:22:27Z,05-May-2026,08:22:27,0.3,1
Palm Warbler,Setophaga palmarum,2026-05-05T12:22:14Z,05-May-2026,08:22:14,0.3,1
Palm Warbler,Setophaga palmarum,2026-05-05T12:21:42Z,05-May-2026,08:21:42,0.35,1
Black-and-white Warbler,Mniotilta varia,2026-05-05T12:20:18Z,05-May-2026,08:20:18,0.32,1
Palm Warbler,Setophaga palmarum,2026-05-05T12:20:03Z,05-May-2026,08:20:03,0.38,1
Palm Warbler,Setophaga palmarum,2026-05-05T12:19:53Z,05-May-2026,08:19:53,0.65,1
Palm Warbler,Setophaga palmarum,2026-05-05T12:19:18Z,05-May-2026,08:19:18,0.57,1
Palm Warbler,Setophaga palmarum,2026-05-05T12:18:58Z,05-May-2026,08:18:58,0.35,1
Swamp Sparrow,Melospiza georgiana,2026-05-05T12:18:34Z,05-May-2026,08:18:34,0.29,1
Palm Warbler,Setophaga palmarum,2026-05-05T12:18:24Z,05-May-2026,08:18:24,0.57,1
Black-and-white Warbler,Mniotilta varia,2026-05-05T12:17:37Z,05-May-2026,08:17:37,0.38,1
Chipping Sparrow,Spizella passerina,2026-05-05T12:17:15Z,05-May-2026,08:17:15,0.34,1
Palm Warbler,Setophaga palmarum,2026-05-05T12:17:06Z,05-May-2026,08:17:06,0.54,1
Palm Warbler,Setophaga palmarum,2026-05-05T12:15:53Z,05-May-2026,08:15:53,0.32,1
Bay-breasted Warbler,Setophaga castanea,2026-05-05T12:15:44Z,05-May-2026,08:15:44,0.26,1
Palm Warbler,Setophaga palmarum,2026-05-05T12:15:16Z,05-May-2026,08:15:16,0.29,1
Palm Warbler,Setophaga palmarum,2026-05-05T12:14:38Z,05-May-2026,08:14:38,0.26,1
Swamp Sparrow,Melospiza georgiana,2026-05-05T12:14:16Z,05-May-2026,08:14:16,0.34,1
Palm Warbler,Setophaga palmarum,2026-05-05T12:14:02Z,05-May-2026,08:14:02,0.42,1
Palm Warbler,Setophaga palmarum,2026-05-05T12:13:46Z,05-May-2026,08:13:46,0.35,1
Palm Warbler,Setophaga palmarum,2026-05-05T12:13:39Z,05-May-2026,08:13:39,0.37,1
Palm Warbler,Setophaga palmarum,2026-05-05T12:13:30Z,05-May-2026,08:13:30,0.29,1
Palm Warbler,Setophaga palmarum,2026-05-05T12:13:11Z,05-May-2026,08:13:11,0.29,1
Palm Warbler,Setophaga palmarum,2026-05-05T12:13:04Z,05-May-2026,08:13:04,0.37,1
Palm Warbler,Setophaga palmarum,2026-05-05T12:12:57Z,05-May-2026,08:12:57,0.36,1
Palm Warbler,Setophaga palmarum,2026-05-05T12:12:51Z,05-May-2026,08:12:51,0.77,1
Palm Warbler,Setophaga palmarum,2026-05-05T12:11:54Z,05-May-2026,08:11:54,0.71,1
Chipping Sparrow,Spizella passerina,2026-05-05T12:08:59Z,05-May-2026,08:08:59,0.27,1
Palm Warbler,Setophaga palmarum,2026-05-05T12:08:50Z,05-May-2026,08:08:50,0.27,1
Swamp Sparrow,Melospiza georgiana,2026-05-05T12:08:38Z,05-May-2026,08:08:38,0.35,1
Palm Warbler,Setophaga palmarum,2026-05-05T12:08:04Z,05-May-2026,08:08:04,0.84,1
Song Sparrow,Melospiza melodia,2026-05-05T12:07:57Z,05-May-2026,08:07:57,0.7804,1
American Goldfinch,Spinus tristis,2026-05-05T12:02:58Z,05-May-2026,08:02:58,0.8,1
Palm Warbler,Setophaga palmarum,2026-05-05T12:00:20Z,05-May-2026,08:00:20,0.48,1
Palm Warbler,Setophaga palmarum,2026-05-05T12:00:02Z,05-May-2026,08:00:02,0.32,1
Palm Warbler,Setophaga palmarum,2026-05-05T11:58:39Z,05-May-2026,07:58:39,0.32,1
Palm Warbler,Setophaga palmarum,2026-05-05T11:58:27Z,05-May-2026,07:58:27,0.6,1
Palm Warbler,Setophaga palmarum,2026-05-05T11:58:01Z,05-May-2026,07:58:01,0.86,1
Palm Warbler,Setophaga palmarum,2026-05-05T11:57:38Z,05-May-2026,07:57:38,0.26,1
Palm Warbler,Setophaga palmarum,2026-05-05T11:57:32Z,05-May-2026,07:57:32,0.35,1
Palm Warbler,Setophaga palmarum,2026-05-05T11:57:22Z,05-May-2026,07:57:22,0.44,1
Palm Warbler,Setophaga palmarum,2026-05-05T11:57:16Z,05-May-2026,07:57:16,0.36,1
Palm Warbler,Setophaga palmarum,2026-05-05T11:57:09Z,05-May-2026,07:57:09,0.38,1
Palm Warbler,Setophaga palmarum,2026-05-05T11:57:03Z,05-May-2026,07:57:03,0.4,1
Palm Warbler,Setophaga palmarum,2026-05-05T11:56:50Z,05-May-2026,07:56:50,0.56,1
Palm Warbler,Setophaga palmarum,2026-05-05T11:56:41Z,05-May-2026,07:56:41,0.46,1
Palm Warbler,Setophaga palmarum,2026-05-05T11:55:54Z,05-May-2026,07:55:54,0.48,1
Palm Warbler,Setophaga palmarum,2026-05-05T11:54:22Z,05-May-2026,07:54:22,0.5,1
Evening Grosbeak,Coccothraustes vespertinus,2026-05-05T11:54:03Z,05-May-2026,07:54:03,0.34,1
Evening Grosbeak,Coccothraustes vespertinus,2026-05-05T11:53:57Z,05-May-2026,07:53:57,0.34,1
Palm Warbler,Setophaga palmarum,2026-05-05T11:53:21Z,05-May-2026,07:53:21,0.46,1
Palm Warbler,Setophaga palmarum,2026-05-05T11:53:15Z,05-May-2026,07:53:15,0.35,1
Northern Cardinal,Cardinalis cardinalis,2026-05-05T11:53:11Z,05-May-2026,07:53:11,0.898,1
Palm Warbler,Setophaga palmarum,2026-05-05T11:52:57Z,05-May-2026,07:52:57,0.55,1
Chipping Sparrow,Spizella passerina,2026-05-05T11:52:22Z,05-May-2026,07:52:22,0.29,1
Palm Warbler,Setophaga palmarum,2026-05-05T11:52:09Z,05-May-2026,07:52:09,0.38,1
Palm Warbler,Setophaga palmarum,2026-05-05T11:52:00Z,05-May-2026,07:52:00,0.43,1
Swamp Sparrow,Melospiza georgiana,2026-05-05T11:51:35Z,05-May-2026,07:51:35,0.31,1
Swamp Sparrow,Melospiza georgiana,2026-05-05T11:49:09Z,05-May-2026,07:49:09,0.44,1
Palm Warbler,Setophaga palmarum,2026-05-05T11:47:38Z,05-May-2026,07:47:38,0.26,1
Blue Jay,Cyanocitta cristata,2026-05-05T11:47:00Z,05-May-2026,07:47:00,0.949,1
Rose-breasted Grosbeak,Pheucticus ludovicianus,2026-05-05T11:46:48Z,05-May-2026,07:46:48,0.82,1
Rose-breasted Grosbeak,Pheucticus ludovicianus,2026-05-05T11:46:34Z,05-May-2026,07:46:34,0.92,1
Rose-breasted Grosbeak,Pheucticus ludovicianus,2026-05-05T11:46:21Z,05-May-2026,07:46:21,0.66,1
Song Sparrow,Melospiza melodia,2026-05-05T11:45:47Z,05-May-2026,07:45:47,0.8157,1
Rose-breasted Grosbeak,Pheucticus ludovicianus,2026-05-05T11:45:33Z,05-May-2026,07:45:33,0.48,1
Rose-breasted Grosbeak,Pheucticus ludovicianus,2026-05-05T11:45:17Z,05-May-2026,07:45:17,0.42,1
Palm Warbler,Setophaga palmarum,2026-05-05T11:44:55Z,05-May-2026,07:44:55,0.31,1
Bohemian Waxwing,Bombycilla garrulus,2026-05-05T11:44:33Z,05-May-2026,07:44:33,0.3,1
Rose-breasted Grosbeak,Pheucticus ludovicianus,2026-05-05T11:44:14Z,05-May-2026,07:44:14,0.77,1
Blue Jay,Cyanocitta cristata,2026-05-05T11:43:36Z,05-May-2026,07:43:36,0.8314,2
Swamp Sparrow,Melospiza georgiana,2026-05-05T11:42:55Z,05-May-2026,07:42:55,0.28,1
Blue Jay,Cyanocitta cristata,2026-05-05T11:42:36Z,05-May-2026,07:42:36,0.68,1
Blue Jay,Cyanocitta cristata,2026-05-05T11:42:33Z,05-May-2026,07:42:33,0.898,1
Blue Jay,Cyanocitta cristata,2026-05-05T11:42:29Z,05-May-2026,07:42:29,0.31,1
Blue Jay,Cyanocitta cristata,2026-05-05T11:42:23Z,05-May-2026,07:42:23,0.83,1
Blue Jay,Cyanocitta cristata,2026-05-05T11:42:16Z,05-May-2026,07:42:16,0.33,1
Northern Cardinal,Cardinalis cardinalis,2026-05-05T11:40:24Z,05-May-2026,07:40:24,0.9725,1
Palm Warbler,Setophaga palmarum,2026-05-05T11:39:48Z,05-May-2026,07:39:48,0.39,1
Swamp Sparrow,Melospiza georgiana,2026-05-05T11:37:43Z,05-May-2026,07:37:43,0.37,1
Palm Warbler,Setophaga palmarum,2026-05-05T11:37:14Z,05-May-2026,07:37:14,0.28,1
Palm Warbler,Setophaga palmarum,2026-05-05T11:36:43Z,05-May-2026,07:36:43,0.53,1
Palm Warbler,Setophaga palmarum,2026-05-05T11:35:23Z,05-May-2026,07:35:23,0.48,1
Swamp Sparrow,Melospiza georgiana,2026-05-05T11:34:57Z,05-May-2026,07:34:57,0.28,1
Swamp Sparrow,Melospiza georgiana,2026-05-05T11:34:36Z,05-May-2026,07:34:36,0.26,1
Palm Warbler,Setophaga palmarum,2026-05-05T11:33:45Z,05-May-2026,07:33:45,0.27,1
Palm Warbler,Setophaga palmarum,2026-05-05T11:33:32Z,05-May-2026,07:33:32,0.45,1
Swamp Sparrow,Melospiza georgiana,2026-05-05T11:33:05Z,05-May-2026,07:33:05,0.26,1
Palm Warbler,Setophaga palmarum,2026-05-05T11:32:39Z,05-May-2026,07:32:39,0.27,1
Chimney Swift,Chaetura pelagica,2026-05-05T11:32:23Z,05-May-2026,07:32:23,0.3,1
Palm Warbler,Setophaga palmarum,2026-05-05T11:31:02Z,05-May-2026,07:31:02,0.28,1
American Goldfinch,Spinus tristis,2026-05-05T11:30:56Z,05-May-2026,07:30:56,0.9255,1
American Goldfinch,Spinus tristis,2026-05-05T11:30:53Z,05-May-2026,07:30:53,0.36,1
Palm Warbler,Setophaga palmarum,2026-05-05T11:30:46Z,05-May-2026,07:30:46,0.43,1
Blue Jay,Cyanocitta cristata,2026-05-05T11:26:49Z,05-May-2026,07:26:49,0.8863,1
Blue Jay,Cyanocitta cristata,2026-05-05T11:26:33Z,05-May-2026,07:26:33,0.33,1
Palm Warbler,Setophaga palmarum,2026-05-05T11:25:25Z,05-May-2026,07:25:25,0.36,1
Palm Warbler,Setophaga palmarum,2026-05-05T11:25:03Z,05-May-2026,07:25:03,0.36,1
Palm Warbler,Setophaga palmarum,2026-05-05T11:24:57Z,05-May-2026,07:24:57,0.52,1
American Goldfinch,Spinus tristis,2026-05-05T11:23:49Z,05-May-2026,07:23:49,0.38,1
Palm Warbler,Setophaga palmarum,2026-05-05T11:23:37Z,05-May-2026,07:23:37,0.44,1
Palm Warbler,Setophaga palmarum,2026-05-05T11:22:20Z,05-May-2026,07:22:20,0.33,1
Blue Jay,Cyanocitta cristata,2026-05-05T11:21:59Z,05-May-2026,07:21:59,0.9176,1
Palm Warbler,Setophaga palmarum,2026-05-05T11:21:43Z,05-May-2026,07:21:43,0.59,1
Palm Warbler,Setophaga palmarum,2026-05-05T11:20:50Z,05-May-2026,07:20:50,0.26,1
Palm Warbler,Setophaga palmarum,2026-05-05T11:19:56Z,05-May-2026,07:19:56,0.51,1
Black-and-white Warbler,Mniotilta varia,2026-05-05T11:19:33Z,05-May-2026,07:19:33,0.42,1
Palm Warbler,Setophaga palmarum,2026-05-05T11:18:53Z,05-May-2026,07:18:53,0.35,1
Palm Warbler,Setophaga palmarum,2026-05-05T11:18:21Z,05-May-2026,07:18:21,0.5,1
Palm Warbler,Setophaga palmarum,2026-05-05T11:18:12Z,05-May-2026,07:18:12,0.27,1
Palm Warbler,Setophaga palmarum,2026-05-05T11:17:35Z,05-May-2026,07:17:35,0.35,1
Palm Warbler,Setophaga palmarum,2026-05-05T11:16:48Z,05-May-2026,07:16:48,0.57,1
Palm Warbler,Setophaga palmarum,2026-05-05T11:16:38Z,05-May-2026,07:16:38,0.3,1
Swamp Sparrow,Melospiza georgiana,2026-05-05T11:16:13Z,05-May-2026,07:16:13,0.3,1
Palm Warbler,Setophaga palmarum,2026-05-05T11:15:32Z,05-May-2026,07:15:32,0.34,1
Palm Warbler,Setophaga palmarum,2026-05-05T11:15:25Z,05-May-2026,07:15:25,0.55,1
Swamp Sparrow,Melospiza georgiana,2026-05-05T11:14:20Z,05-May-2026,07:14:20,0.32,1
Palm Warbler,Setophaga palmarum,2026-05-05T11:14:02Z,05-May-2026,07:14:02,0.3,1
Palm Warbler,Setophaga palmarum,2026-05-05T11:04:37Z,05-May-2026,07:04:37,0.3,1
Palm Warbler,Setophaga palmarum,2026-05-05T11:03:43Z,05-May-2026,07:03:43,0.86,1
Palm Warbler,Setophaga palmarum,2026-05-05T11:03:30Z,05-May-2026,07:03:30,0.83,1
Palm Warbler,Setophaga palmarum,2026-05-05T11:02:15Z,05-May-2026,07:02:15,0.61,1
Palm Warbler,Setophaga palmarum,2026-05-05T11:02:06Z,05-May-2026,07:02:06,0.8,1
Palm Warbler,Setophaga palmarum,2026-05-05T11:01:59Z,05-May-2026,07:01:59,0.67,1
Palm Warbler,Setophaga palmarum,2026-05-05T11:01:37Z,05-May-2026,07:01:37,0.43,1
Palm Warbler,Setophaga palmarum,2026-05-05T11:00:55Z,05-May-2026,07:00:55,0.31,1
Palm Warbler,Setophaga palmarum,2026-05-05T11:00:42Z,05-May-2026,07:00:42,0.54,1
Palm Warbler,Setophaga palmarum,2026-05-05T11:00:26Z,05-May-2026,07:00:26,0.43,1
Palm Warbler,Setophaga palmarum,2026-05-05T11:00:17Z,05-May-2026,07:00:17,0.56,1
Palm Warbler,Setophaga palmarum,2026-05-05T10:59:58Z,05-May-2026,06:59:58,0.33,1
Palm Warbler,Setophaga palmarum,2026-05-05T10:59:02Z,05-May-2026,06:59:02,0.61,1
Palm Warbler,Setophaga palmarum,2026-05-05T10:58:43Z,05-May-2026,06:58:43,0.34,1
Palm Warbler,Setophaga palmarum,2026-05-05T10:58:06Z,05-May-2026,06:58:06,0.68,1
Palm Warbler,Setophaga palmarum,2026-05-05T10:55:33Z,05-May-2026,06:55:33,0.28,1
Palm Warbler,Setophaga palmarum,2026-05-05T10:55:27Z,05-May-2026,06:55:27,0.62,1
Hairy Woodpecker,Dryobates villosus,2026-05-05T10:55:20Z,05-May-2026,06:55:20,0.51,1
Palm Warbler,Setophaga palmarum,2026-05-05T10:54:45Z,05-May-2026,06:54:45,0.54,1
Palm Warbler,Setophaga palmarum,2026-05-05T10:54:29Z,05-May-2026,06:54:29,0.33,1
Palm Warbler,Setophaga palmarum,2026-05-05T10:54:22Z,05-May-2026,06:54:22,0.33,1
Palm Warbler,Setophaga palmarum,2026-05-05T10:54:07Z,05-May-2026,06:54:07,0.75,1
Chipping Sparrow,Spizella passerina,2026-05-05T10:53:29Z,05-May-2026,06:53:29,0.3,1
Swamp Sparrow,Melospiza georgiana,2026-05-05T10:52:44Z,05-May-2026,06:52:44,0.4,1
Palm Warbler,Setophaga palmarum,2026-05-05T10:52:31Z,05-May-2026,06:52:31,0.39,1
Palm Warbler,Setophaga palmarum,2026-05-05T10:51:53Z,05-May-2026,06:51:53,0.46,1
White-winged Crossbill,Loxia leucoptera,2026-05-05T10:51:25Z,05-May-2026,06:51:25,0.93,1
Palm Warbler,Setophaga palmarum,2026-05-05T10:50:30Z,05-May-2026,06:50:30,0.65,1
Palm Warbler,Setophaga palmarum,2026-05-05T10:50:21Z,05-May-2026,06:50:21,0.32,1
American Robin,Turdus migratorius,2026-05-05T10:48:55Z,05-May-2026,06:48:55,0.8157,3
Palm Warbler,Setophaga palmarum,2026-05-05T10:48:51Z,05-May-2026,06:48:51,0.26,1
American Robin,Turdus migratorius,2026-05-05T10:47:41Z,05-May-2026,06:47:41,0.8314,1
Blue Jay,Cyanocitta cristata,2026-05-05T10:46:41Z,05-May-2026,06:46:41,0.26,1
Hairy Woodpecker,Dryobates villosus,2026-05-05T10:44:42Z,05-May-2026,06:44:42,0.6,1
Palm Warbler,Setophaga palmarum,2026-05-05T10:41:54Z,05-May-2026,06:41:54,0.42,1
Palm Warbler,Setophaga palmarum,2026-05-05T10:41:44Z,05-May-2026,06:41:44,0.41,1
Palm Warbler,Setophaga palmarum,2026-05-05T10:40:41Z,05-May-2026,06:40:41,0.43,1
Palm Warbler,Setophaga palmarum,2026-05-05T10:40:13Z,05-May-2026,06:40:13,0.39,1
Palm Warbler,Setophaga palmarum,2026-05-05T10:40:04Z,05-May-2026,06:40:04,0.69,1
Palm Warbler,Setophaga palmarum,2026-05-05T10:38:45Z,05-May-2026,06:38:45,0.58,1
Palm Warbler,Setophaga palmarum,2026-05-05T10:38:35Z,05-May-2026,06:38:35,0.32,1
Palm Warbler,Setophaga palmarum,2026-05-05T10:37:51Z,05-May-2026,06:37:51,0.45,1
Tufted Titmouse,Baeolophus bicolor,2026-05-05T10:35:47Z,05-May-2026,06:35:47,0.7804,1
Palm Warbler,Setophaga palmarum,2026-05-05T10:34:43Z,05-May-2026,06:34:43,0.33,1
Palm Warbler,Setophaga palmarum,2026-05-05T10:34:07Z,05-May-2026,06:34:07,0.5,1
Yellow-bellied Sapsucker,Sphyrapicus varius,2026-05-05T10:33:30Z,05-May-2026,06:33:30,0.29,1
Palm Warbler,Setophaga palmarum,2026-05-05T10:33:11Z,05-May-2026,06:33:11,0.38,1
Palm Warbler,Setophaga palmarum,2026-05-05T10:32:45Z,05-May-2026,06:32:45,0.44,1
Blue Jay,Cyanocitta cristata,2026-05-05T10:32:36Z,05-May-2026,06:32:36,0.8627,1
Chipping Sparrow,Spizella passerina,2026-05-05T10:32:29Z,05-May-2026,06:32:29,0.26,1
Chipping Sparrow,Spizella passerina,2026-05-05T10:32:23Z,05-May-2026,06:32:23,0.35,1
Palm Warbler,Setophaga palmarum,2026-05-05T10:32:09Z,05-May-2026,06:32:09,0.6,1
Cedar Waxwing,Bombycilla cedrorum,2026-05-05T10:31:56Z,05-May-2026,06:31:56,0.28,1
Palm Warbler,Setophaga palmarum,2026-05-05T10:31:29Z,05-May-2026,06:31:29,0.27,1
Northern Parula,Setophaga americana,2026-05-05T10:30:05Z,05-May-2026,06:30:05,0.52,1
White-breasted Nuthatch,Sitta carolinensis,2026-05-05T10:27:29Z,05-May-2026,06:27:29,0.5,1
White-breasted Nuthatch,Sitta carolinensis,2026-05-05T10:27:22Z,05-May-2026,06:27:22,0.46,1
White-breasted Nuthatch,Sitta carolinensis,2026-05-05T10:27:03Z,05-May-2026,06:27:03,0.93,1
White-breasted Nuthatch,Sitta carolinensis,2026-05-05T10:26:56Z,05-May-2026,06:26:56,0.85,1
White-breasted Nuthatch,Sitta carolinensis,2026-05-05T10:26:50Z,05-May-2026,06:26:50,0.34,1
White-breasted Nuthatch,Sitta carolinensis,2026-05-05T10:26:44Z,05-May-2026,06:26:44,0.72,1
White-breasted Nuthatch,Sitta carolinensis,2026-05-05T10:26:37Z,05-May-2026,06:26:37,0.53,1
White-breasted Nuthatch,Sitta carolinensis,2026-05-05T10:26:31Z,05-May-2026,06:26:31,0.68,1
White-breasted Nuthatch,Sitta carolinensis,2026-05-05T10:25:07Z,05-May-2026,06:25:07,0.27,1
White-breasted Nuthatch,Sitta carolinensis,2026-05-05T10:25:01Z,05-May-2026,06:25:01,0.62,1
Palm Warbler,Setophaga palmarum,2026-05-05T10:23:48Z,05-May-2026,06:23:48,0.32,1
Scarlet Tanager,Piranga olivacea,2026-05-05T10:22:31Z,05-May-2026,06:22:31,0.27,1
Pileated Woodpecker,Dryocopus pileatus,2026-05-05T10:22:18Z,05-May-2026,06:22:18,0.26,1
White-breasted Nuthatch,Sitta carolinensis,2026-05-05T10:22:05Z,05-May-2026,06:22:05,0.76,1
White-breasted Nuthatch,Sitta carolinensis,2026-05-05T10:21:58Z,05-May-2026,06:21:58,0.56,1
White-breasted Nuthatch,Sitta carolinensis,2026-05-05T10:21:46Z,05-May-2026,06:21:46,0.41,1
Chipping Sparrow,Spizella passerina,2026-05-05T10:21:33Z,05-May-2026,06:21:33,0.29,1
White-breasted Nuthatch,Sitta carolinensis,2026-05-05T10:21:27Z,05-May-2026,06:21:27,0.38,1
American Robin,Turdus migratorius,2026-05-05T10:21:17Z,05-May-2026,06:21:17,0.8157,1
White-breasted Nuthatch,Sitta carolinensis,2026-05-05T10:21:13Z,05-May-2026,06:21:13,0.34,1
White-breasted Nuthatch,Sitta carolinensis,2026-05-05T10:20:57Z,05-May-2026,06:20:57,0.78,1
American Robin,Turdus migratorius,2026-05-05T10:20:50Z,05-May-2026,06:20:50,0.41,1
White-breasted Nuthatch,Sitta carolinensis,2026-05-05T10:20:30Z,05-May-2026,06:20:30,0.78,1
White-breasted Nuthatch,Sitta carolinensis,2026-05-05T10:20:18Z,05-May-2026,06:20:18,0.5,1
White-breasted Nuthatch,Sitta carolinensis,2026-05-05T10:20:11Z,05-May-2026,06:20:11,0.33,1
American Robin,Turdus migratorius,2026-05-05T10:19:39Z,05-May-2026,06:19:39,0.27,1
White-breasted Nuthatch,Sitta carolinensis,2026-05-05T10:19:20Z,05-May-2026,06:19:20,0.76,1
White-breasted Nuthatch,Sitta carolinensis,2026-05-05T10:19:07Z,05-May-2026,06:19:07,0.56,1
White-breasted Nuthatch,Sitta carolinensis,2026-05-05T10:18:54Z,05-May-2026,06:18:54,0.26,1
White-breasted Nuthatch,Sitta carolinensis,2026-05-05T10:18:28Z,05-May-2026,06:18:28,0.28,1
White-breasted Nuthatch,Sitta carolinensis,2026-05-05T10:17:21Z,05-May-2026,06:17:21,0.67,1
White-breasted Nuthatch,Sitta carolinensis,2026-05-05T10:17:09Z,05-May-2026,06:17:09,0.3,1
Chipping Sparrow,Spizella passerina,2026-05-05T10:16:56Z,05-May-2026,06:16:56,0.26,1
Palm Warbler,Setophaga palmarum,2026-05-05T10:15:59Z,05-May-2026,06:15:59,0.51,1
Tufted Titmouse,Baeolophus bicolor,2026-05-05T10:15:40Z,05-May-2026,06:15:40,0.65,1
White-breasted Nuthatch,Sitta carolinensis,2026-05-05T10:15:34Z,05-May-2026,06:15:34,0.66,1
Palm Warbler,Setophaga palmarum,2026-05-05T10:15:21Z,05-May-2026,06:15:21,0.27,1
White-breasted Nuthatch,Sitta carolinensis,2026-05-05T10:15:15Z,05-May-2026,06:15:15,0.53,1
White-breasted Nuthatch,Sitta carolinensis,2026-05-05T10:15:08Z,05-May-2026,06:15:08,0.64,1
Tufted Titmouse,Baeolophus bicolor,2026-05-05T10:15:02Z,05-May-2026,06:15:02,0.6,1
Tufted Titmouse,Baeolophus bicolor,2026-05-05T10:14:43Z,05-May-2026,06:14:43,0.8314,1
Chipping Sparrow,Spizella passerina,2026-05-05T10:13:31Z,05-May-2026,06:13:31,0.34,1
Palm Warbler,Setophaga palmarum,2026-05-05T10:13:25Z,05-May-2026,06:13:25,0.37,1
Chipping Sparrow,Spizella passerina,2026-05-05T10:12:59Z,05-May-2026,06:12:59,0.52,1
White-breasted Nuthatch,Sitta carolinensis,2026-05-05T10:12:00Z,05-May-2026,06:12:00,0.48,1
White-breasted Nuthatch,Sitta carolinensis,2026-05-05T10:11:41Z,05-May-2026,06:11:41,0.6,1
White-breasted Nuthatch,Sitta carolinensis,2026-05-05T10:11:28Z,05-May-2026,06:11:28,0.39,1
Palm Warbler,Setophaga palmarum,2026-05-05T10:10:42Z,05-May-2026,06:10:42,0.48,1
White-breasted Nuthatch,Sitta carolinensis,2026-05-05T10:09:20Z,05-May-2026,06:09:20,0.27,1
Black-and-white Warbler,Mniotilta varia,2026-05-05T10:08:29Z,05-May-2026,06:08:29,0.37,1
White-breasted Nuthatch,Sitta carolinensis,2026-05-05T10:08:22Z,05-May-2026,06:08:22,0.68,1
White-breasted Nuthatch,Sitta carolinensis,2026-05-05T10:08:16Z,05-May-2026,06:08:16,0.27,1
White-breasted Nuthatch,Sitta carolinensis,2026-05-05T10:08:03Z,05-May-2026,06:08:03,0.46,1
Mourning Dove,Zenaida macroura,2026-05-05T10:07:41Z,05-May-2026,06:07:41,0.898,1
White-breasted Nuthatch,Sitta carolinensis,2026-05-05T10:07:28Z,05-May-2026,06:07:28,0.34,1
Mourning Dove,Zenaida macroura,2026-05-05T10:07:22Z,05-May-2026,06:07:22,0.32,1
White-breasted Nuthatch,Sitta carolinensis,2026-05-05T10:07:15Z,05-May-2026,06:07:15,0.27,1
White-breasted Nuthatch,Sitta carolinensis,2026-05-05T10:07:09Z,05-May-2026,06:07:09,0.56,1
White-breasted Nuthatch,Sitta carolinensis,2026-05-05T10:06:50Z,05-May-2026,06:06:50,0.28,1
Mourning Dove,Zenaida macroura,2026-05-05T10:06:40Z,05-May-2026,06:06:40,0.8314,1
Black-and-white Warbler,Mniotilta varia,2026-05-05T10:05:59Z,05-May-2026,06:05:59,0.27,1
American Robin,Turdus migratorius,2026-05-05T10:05:39Z,05-May-2026,06:05:39,0.8745,1
White-breasted Nuthatch,Sitta carolinensis,2026-05-05T10:05:14Z,05-May-2026,06:05:14,0.35,1
Mourning Dove,Zenaida macroura,2026-05-05T10:02:32Z,05-May-2026,06:02:32,0.42,1
Mourning Dove,Zenaida macroura,2026-05-05T10:02:29Z,05-May-2026,06:02:29,0.8863,1
Palm Warbler,Setophaga palmarum,2026-05-05T10:01:25Z,05-May-2026,06:01:25,0.27,1
White-breasted Nuthatch,Sitta carolinensis,2026-05-05T10:01:09Z,05-May-2026,06:01:09,0.78,1
White-breasted Nuthatch,Sitta carolinensis,2026-05-05T10:01:03Z,05-May-2026,06:01:03,0.85,1
White-breasted Nuthatch,Sitta carolinensis,2026-05-05T10:00:49Z,05-May-2026,06:00:49,0.62,1
White-breasted Nuthatch,Sitta carolinensis,2026-05-05T10:00:21Z,05-May-2026,06:00:21,0.56,1
White-breasted Nuthatch,Sitta carolinensis,2026-05-05T10:00:15Z,05-May-2026,06:00:15,0.73,1
White-breasted Nuthatch,Sitta carolinensis,2026-05-05T09:59:55Z,05-May-2026,05:59:55,0.91,1
Palm Warbler,Setophaga palmarum,2026-05-05T09:59:10Z,05-May-2026,05:59:10,0.55,1
Mourning Dove,Zenaida macroura,2026-05-05T09:58:44Z,05-May-2026,05:58:44,0.73,1
Chipping Sparrow,Spizella passerina,2026-05-05T09:57:59Z,05-May-2026,05:57:59,0.58,1
Palm Warbler,Setophaga palmarum,2026-05-05T09:57:39Z,05-May-2026,05:57:39,0.39,1
White-breasted Nuthatch,Sitta carolinensis,2026-05-05T09:57:26Z,05-May-2026,05:57:26,0.28,1
Palm Warbler,Setophaga palmarum,2026-05-05T09:57:10Z,05-May-2026,05:57:10,0.57,1
Chipping Sparrow,Spizella passerina,2026-05-05T09:57:04Z,05-May-2026,05:57:04,0.31,1
Chipping Sparrow,Spizella passerina,2026-05-05T09:55:22Z,05-May-2026,05:55:22,0.33,1
Palm Warbler,Setophaga palmarum,2026-05-05T09:55:09Z,05-May-2026,05:55:09,0.28,1
White-breasted Nuthatch,Sitta carolinensis,2026-05-05T09:54:44Z,05-May-2026,05:54:44,0.81,1
White-breasted Nuthatch,Sitta carolinensis,2026-05-05T09:54:37Z,05-May-2026,05:54:37,0.51,1
White-breasted Nuthatch,Sitta carolinensis,2026-05-05T09:54:31Z,05-May-2026,05:54:31,0.57,1
White-breasted Nuthatch,Sitta carolinensis,2026-05-05T09:54:24Z,05-May-2026,05:54:24,0.37,1
White-breasted Nuthatch,Sitta carolinensis,2026-05-05T09:54:09Z,05-May-2026,05:54:09,0.44,1
White-breasted Nuthatch,Sitta carolinensis,2026-05-05T09:54:02Z,05-May-2026,05:54:02,0.83,1
Northern Parula,Setophaga americana,2026-05-05T09:53:13Z,05-May-2026,05:53:13,0.37,1
American Robin,Turdus migratorius,2026-05-05T09:52:54Z,05-May-2026,05:52:54,0.8157,1
Northern Parula,Setophaga americana,2026-05-05T09:52:48Z,05-May-2026,05:52:48,0.41,1
American Robin,Turdus migratorius,2026-05-05T09:49:55Z,05-May-2026,05:49:55,0.8157,1
Palm Warbler,Setophaga palmarum,2026-05-05T09:49:42Z,05-May-2026,05:49:42,0.4,1
Palm Warbler,Setophaga palmarum,2026-05-05T09:49:29Z,05-May-2026,05:49:29,0.55,1
American Robin,Turdus migratorius,2026-05-05T09:48:52Z,05-May-2026,05:48:52,0.8863,1
Palm Warbler,Setophaga palmarum,2026-05-05T09:47:54Z,05-May-2026,05:47:54,0.42,1
Palm Warbler,Setophaga palmarum,2026-05-05T09:46:38Z,05-May-2026,05:46:38,0.35,1
American Robin,Turdus migratorius,2026-05-05T09:43:30Z,05-May-2026,05:43:30,0.8157,1
Palm Warbler,Setophaga palmarum,2026-05-05T09:41:10Z,05-May-2026,05:41:10,0.3,1
Palm Warbler,Setophaga palmarum,2026-05-05T09:40:34Z,05-May-2026,05:40:34,0.3,1
Palm Warbler,Setophaga palmarum,2026-05-05T09:39:40Z,05-May-2026,05:39:40,0.31,1
Chipping Sparrow,Spizella passerina,2026-05-05T09:39:33Z,05-May-2026,05:39:33,0.54,1
Chipping Sparrow,Spizella passerina,2026-05-05T09:39:24Z,05-May-2026,05:39:24,0.5,1
Palm Warbler,Setophaga palmarum,2026-05-05T09:38:27Z,05-May-2026,05:38:27,0.56,1
Eastern Phoebe,Sayornis phoebe,2026-05-05T09:37:47Z,05-May-2026,05:37:47,0.43,1
Mourning Dove,Zenaida macroura,2026-05-05T09:34:49Z,05-May-2026,05:34:49,0.9255,1
Palm Warbler,Setophaga palmarum,2026-05-05T09:32:28Z,05-May-2026,05:32:28,0.27,1
Eastern Phoebe,Sayornis phoebe,2026-05-05T09:31:56Z,05-May-2026,05:31:56,0.49,1
Eastern Phoebe,Sayornis phoebe,2026-05-05T09:31:36Z,05-May-2026,05:31:36,0.42,1
Mourning Dove,Zenaida macroura,2026-05-05T09:30:37Z,05-May-2026,05:30:37,0.7804,2
American Goldfinch,Spinus tristis,2026-05-05T09:29:30Z,05-May-2026,05:29:30,0.56,1
Mourning Dove,Zenaida macroura,2026-05-05T09:29:27Z,05-May-2026,05:29:27,0.7804,1
Mourning Dove,Zenaida macroura,2026-05-05T09:29:11Z,05-May-2026,05:29:11,0.29,1
Palm Warbler,Setophaga palmarum,2026-05-05T09:27:27Z,05-May-2026,05:27:27,0.26,1
American Robin,Turdus migratorius,2026-05-05T09:26:26Z,05-May-2026,05:26:26,0.8,1
Eastern Phoebe,Sayornis phoebe,2026-05-05T09:25:35Z,05-May-2026,05:25:35,0.96,1
Eastern Phoebe,Sayornis phoebe,2026-05-05T09:25:29Z,05-May-2026,05:25:29,0.88,1
Eastern Phoebe,Sayornis phoebe,2026-05-05T09:25:22Z,05-May-2026,05:25:22,0.98,1
Eastern Phoebe,Sayornis phoebe,2026-05-05T09:25:16Z,05-May-2026,05:25:16,0.98,1
Eastern Phoebe,Sayornis phoebe,2026-05-05T09:24:57Z,05-May-2026,05:24:57,0.93,1
Eastern Phoebe,Sayornis phoebe,2026-05-05T09:24:44Z,05-May-2026,05:24:44,0.73,1
Eastern Phoebe,Sayornis phoebe,2026-05-05T09:24:31Z,05-May-2026,05:24:31,0.89,1
Eastern Phoebe,Sayornis phoebe,2026-05-05T09:24:18Z,05-May-2026,05:24:18,0.98,1
Eastern Phoebe,Sayornis phoebe,2026-05-05T09:24:05Z,05-May-2026,05:24:05,0.97,1
Eastern Phoebe,Sayornis phoebe,2026-05-05T09:23:58Z,05-May-2026,05:23:58,0.99,1
Eastern Phoebe,Sayornis phoebe,2026-05-05T09:23:52Z,05-May-2026,05:23:52,0.9,1
Eastern Phoebe,Sayornis phoebe,2026-05-05T09:23:45Z,05-May-2026,05:23:45,0.96,1
Eastern Phoebe,Sayornis phoebe,2026-05-05T09:23:39Z,05-May-2026,05:23:39,0.93,1
Eastern Phoebe,Sayornis phoebe,2026-05-05T09:23:19Z,05-May-2026,05:23:19,0.98,1
Eastern Phoebe,Sayornis phoebe,2026-05-05T09:23:12Z,05-May-2026,05:23:12,0.98,1
Eastern Phoebe,Sayornis phoebe,2026-05-05T09:23:06Z,05-May-2026,05:23:06,0.99,1
Eastern Phoebe,Sayornis phoebe,2026-05-05T09:22:59Z,05-May-2026,05:22:59,0.95,1
Eastern Phoebe,Sayornis phoebe,2026-05-05T09:22:53Z,05-May-2026,05:22:53,0.99,1
Eastern Phoebe,Sayornis phoebe,2026-05-05T09:22:46Z,05-May-2026,05:22:46,0.94,1
Eastern Phoebe,Sayornis phoebe,2026-05-05T09:22:40Z,05-May-2026,05:22:40,0.98,1
Eastern Phoebe,Sayornis phoebe,2026-05-05T09:22:27Z,05-May-2026,05:22:27,0.92,1
Eastern Phoebe,Sayornis phoebe,2026-05-05T09:22:21Z,05-May-2026,05:22:21,0.99,1
Eastern Phoebe,Sayornis phoebe,2026-05-05T09:22:14Z,05-May-2026,05:22:14,0.97,1
Eastern Phoebe,Sayornis phoebe,2026-05-05T09:22:01Z,05-May-2026,05:22:01,0.99,1
Eastern Phoebe,Sayornis phoebe,2026-05-05T09:21:54Z,05-May-2026,05:21:54,0.98,1
Eastern Phoebe,Sayornis phoebe,2026-05-05T09:21:48Z,05-May-2026,05:21:48,0.97,1
Eastern Phoebe,Sayornis phoebe,2026-05-05T09:21:42Z,05-May-2026,05:21:42,0.88,1
Eastern Phoebe,Sayornis phoebe,2026-05-05T09:21:35Z,05-May-2026,05:21:35,0.97,1
Eastern Phoebe,Sayornis phoebe,2026-05-05T09:21:29Z,05-May-2026,05:21:29,0.98,1
Eastern Phoebe,Sayornis phoebe,2026-05-05T09:21:22Z,05-May-2026,05:21:22,0.93,1
Eastern Phoebe,Sayornis phoebe,2026-05-05T09:21:16Z,05-May-2026,05:21:16,0.99,1
Eastern Phoebe,Sayornis phoebe,2026-05-05T09:21:10Z,05-May-2026,05:21:10,0.97,1
Eastern Phoebe,Sayornis phoebe,2026-05-05T09:21:03Z,05-May-2026,05:21:03,0.99,1
Eastern Phoebe,Sayornis phoebe,2026-05-05T09:20:57Z,05-May-2026,05:20:57,0.97,1
Eastern Phoebe,Sayornis phoebe,2026-05-05T09:20:51Z,05-May-2026,05:20:51,0.97,1
Eastern Phoebe,Sayornis phoebe,2026-05-05T09:20:45Z,05-May-2026,05:20:45,0.98,1
Eastern Phoebe,Sayornis phoebe,2026-05-05T09:20:39Z,05-May-2026,05:20:39,0.96,1
Eastern Phoebe,Sayornis phoebe,2026-05-05T09:20:32Z,05-May-2026,05:20:32,0.87,1
Eastern Phoebe,Sayornis phoebe,2026-05-05T09:20:26Z,05-May-2026,05:20:26,0.96,1
Eastern Phoebe,Sayornis phoebe,2026-05-05T09:20:13Z,05-May-2026,05:20:13,0.86,1
Eastern Phoebe,Sayornis phoebe,2026-05-05T09:20:07Z,05-May-2026,05:20:07,0.97,1
Eastern Phoebe,Sayornis phoebe,2026-05-05T09:20:00Z,05-May-2026,05:20:00,0.87,1
Eastern Phoebe,Sayornis phoebe,2026-05-05T09:19:47Z,05-May-2026,05:19:47,0.97,1
Eastern Phoebe,Sayornis phoebe,2026-05-05T09:19:34Z,05-May-2026,05:19:34,0.93,1
Eastern Phoebe,Sayornis phoebe,2026-05-05T09:19:28Z,05-May-2026,05:19:28,0.97,1
Eastern Phoebe,Sayornis phoebe,2026-05-05T09:19:22Z,05-May-2026,05:19:22,0.98,1
Eastern Phoebe,Sayornis phoebe,2026-05-05T09:19:15Z,05-May-2026,05:19:15,0.98,1
Eastern Phoebe,Sayornis phoebe,2026-05-05T09:19:02Z,05-May-2026,05:19:02,0.95,1
Eastern Phoebe,Sayornis phoebe,2026-05-05T09:18:55Z,05-May-2026,05:18:55,0.96,1
Eastern Phoebe,Sayornis phoebe,2026-05-05T09:18:00Z,05-May-2026,05:18:00,0.93,1
Eastern Phoebe,Sayornis phoebe,2026-05-05T09:17:54Z,05-May-2026,05:17:54,0.28,1
Eastern Phoebe,Sayornis phoebe,2026-05-05T09:17:45Z,05-May-2026,05:17:45,0.96,1
Eastern Phoebe,Sayornis phoebe,2026-05-05T09:17:38Z,05-May-2026,05:17:38,0.93,1
Eastern Phoebe,Sayornis phoebe,2026-05-05T09:17:32Z,05-May-2026,05:17:32,0.99,1
Eastern Phoebe,Sayornis phoebe,2026-05-05T09:17:19Z,05-May-2026,05:17:19,0.98,1
Eastern Phoebe,Sayornis phoebe,2026-05-05T09:17:13Z,05-May-2026,05:17:13,0.97,1
Eastern Phoebe,Sayornis phoebe,2026-05-05T09:17:06Z,05-May-2026,05:17:06,0.95,1
Eastern Phoebe,Sayornis phoebe,2026-05-05T09:17:00Z,05-May-2026,05:17:00,0.97,1
Eastern Phoebe,Sayornis phoebe,2026-05-05T09:16:02Z,05-May-2026,05:16:02,0.97,1
Eastern Phoebe,Sayornis phoebe,2026-05-05T09:15:42Z,05-May-2026,05:15:42,0.96,1
Eastern Phoebe,Sayornis phoebe,2026-05-05T09:15:36Z,05-May-2026,05:15:36,0.96,1
Eastern Phoebe,Sayornis phoebe,2026-05-05T09:15:29Z,05-May-2026,05:15:29,0.98,1
Eastern Phoebe,Sayornis phoebe,2026-05-05T09:15:22Z,05-May-2026,05:15:22,0.94,1
Eastern Phoebe,Sayornis phoebe,2026-05-05T09:15:15Z,05-May-2026,05:15:15,0.98,1
Eastern Phoebe,Sayornis phoebe,2026-05-05T09:15:09Z,05-May-2026,05:15:09,0.96,1
Eastern Phoebe,Sayornis phoebe,2026-05-05T09:15:03Z,05-May-2026,05:15:03,0.98,1
Eastern Phoebe,Sayornis phoebe,2026-05-05T09:14:56Z,05-May-2026,05:14:56,0.93,1
Eastern Phoebe,Sayornis phoebe,2026-05-05T09:14:50Z,05-May-2026,05:14:50,0.98,1
Eastern Phoebe,Sayornis phoebe,2026-05-05T09:14:43Z,05-May-2026,05:14:43,0.97,1
Eastern Phoebe,Sayornis phoebe,2026-05-05T09:14:37Z,05-May-2026,05:14:37,0.97,1
Eastern Phoebe,Sayornis phoebe,2026-05-05T09:14:30Z,05-May-2026,05:14:30,0.99,1
Eastern Phoebe,Sayornis phoebe,2026-05-05T09:14:24Z,05-May-2026,05:14:24,0.98,1
Eastern Phoebe,Sayornis phoebe,2026-05-05T09:14:18Z,05-May-2026,05:14:18,0.96,1
Eastern Phoebe,Sayornis phoebe,2026-05-05T09:14:11Z,05-May-2026,05:14:11,0.99,1
Eastern Phoebe,Sayornis phoebe,2026-05-05T09:14:04Z,05-May-2026,05:14:04,0.98,1
Eastern Phoebe,Sayornis phoebe,2026-05-05T09:13:57Z,05-May-2026,05:13:57,0.96,1
Veery,Catharus fuscescens,2026-05-05T09:13:51Z,05-May-2026,05:13:51,0.62,1
Eastern Phoebe,Sayornis phoebe,2026-05-05T09:13:44Z,05-May-2026,05:13:44,0.98,1
Eastern Phoebe,Sayornis phoebe,2026-05-05T09:13:38Z,05-May-2026,05:13:38,0.97,1
Eastern Phoebe,Sayornis phoebe,2026-05-05T09:13:31Z,05-May-2026,05:13:31,0.98,1
Eastern Phoebe,Sayornis phoebe,2026-05-05T09:13:24Z,05-May-2026,05:13:24,0.95,1
Eastern Phoebe,Sayornis phoebe,2026-05-05T09:13:18Z,05-May-2026,05:13:18,0.94,1
Eastern Phoebe,Sayornis phoebe,2026-05-05T09:13:11Z,05-May-2026,05:13:11,0.97,1
Eastern Phoebe,Sayornis phoebe,2026-05-05T09:13:05Z,05-May-2026,05:13:05,0.98,1
Eastern Phoebe,Sayornis phoebe,2026-05-05T09:12:58Z,05-May-2026,05:12:58,0.97,1
Eastern Phoebe,Sayornis phoebe,2026-05-05T09:12:51Z,05-May-2026,05:12:51,0.98,1
Eastern Phoebe,Sayornis phoebe,2026-05-05T09:12:45Z,05-May-2026,05:12:45,0.95,1
Eastern Phoebe,Sayornis phoebe,2026-05-05T09:12:38Z,05-May-2026,05:12:38,0.86,1
Eastern Phoebe,Sayornis phoebe,2026-05-05T09:12:32Z,05-May-2026,05:12:32,0.98,1
Eastern Phoebe,Sayornis phoebe,2026-05-05T09:12:19Z,05-May-2026,05:12:19,0.98,1
Eastern Phoebe,Sayornis phoebe,2026-05-05T09:12:13Z,05-May-2026,05:12:13,0.96,1
Eastern Phoebe,Sayornis phoebe,2026-05-05T09:12:06Z,05-May-2026,05:12:06,0.96,1
Eastern Phoebe,Sayornis phoebe,2026-05-05T09:12:00Z,05-May-2026,05:12:00,0.97,1
Eastern Phoebe,Sayornis phoebe,2026-05-05T09:11:53Z,05-May-2026,05:11:53,0.92,1
Eastern Phoebe,Sayornis phoebe,2026-05-05T09:11:47Z,05-May-2026,05:11:47,0.98,1
Eastern Phoebe,Sayornis phoebe,2026-05-05T09:11:40Z,05-May-2026,05:11:40,0.98,1
Eastern Phoebe,Sayornis phoebe,2026-05-05T09:11:34Z,05-May-2026,05:11:34,0.94,1
Eastern Phoebe,Sayornis phoebe,2026-05-05T09:11:28Z,05-May-2026,05:11:28,0.96,1
Eastern Phoebe,Sayornis phoebe,2026-05-05T09:11:21Z,05-May-2026,05:11:21,0.96,1
Eastern Phoebe,Sayornis phoebe,2026-05-05T09:11:14Z,05-May-2026,05:11:14,0.98,1
Eastern Phoebe,Sayornis phoebe,2026-05-05T09:11:08Z,05-May-2026,05:11:08,0.98,1
Eastern Phoebe,Sayornis phoebe,2026-05-05T09:11:01Z,05-May-2026,05:11:01,0.95,1
Eastern Phoebe,Sayornis phoebe,2026-05-05T09:10:54Z,05-May-2026,05:10:54,0.97,1
Eastern Phoebe,Sayornis phoebe,2026-05-05T09:10:48Z,05-May-2026,05:10:48,0.98,1
Eastern Phoebe,Sayornis phoebe,2026-05-05T09:10:41Z,05-May-2026,05:10:41,0.98,1
Eastern Phoebe,Sayornis phoebe,2026-05-05T09:10:35Z,05-May-2026,05:10:35,0.98,1
Eastern Phoebe,Sayornis phoebe,2026-05-05T09:10:29Z,05-May-2026,05:10:29,0.95,1
Eastern Phoebe,Sayornis phoebe,2026-05-05T09:10:22Z,05-May-2026,05:10:22,0.97,1
Eastern Phoebe,Sayornis phoebe,2026-05-05T09:10:16Z,05-May-2026,05:10:16,0.99,1
Eastern Phoebe,Sayornis phoebe,2026-05-05T09:10:09Z,05-May-2026,05:10:09,0.94,1
Eastern Phoebe,Sayornis phoebe,2026-05-05T09:10:03Z,05-May-2026,05:10:03,0.98,1
Eastern Phoebe,Sayornis phoebe,2026-05-05T09:09:56Z,05-May-2026,05:09:56,0.97,1
Eastern Phoebe,Sayornis phoebe,2026-05-05T09:09:49Z,05-May-2026,05:09:49,0.97,1
Eastern Phoebe,Sayornis phoebe,2026-05-05T09:09:42Z,05-May-2026,05:09:42,0.96,1
Eastern Phoebe,Sayornis phoebe,2026-05-05T09:09:36Z,05-May-2026,05:09:36,0.97,1
Eastern Phoebe,Sayornis phoebe,2026-05-05T09:09:29Z,05-May-2026,05:09:29,0.97,1
Eastern Phoebe,Sayornis phoebe,2026-05-05T09:09:23Z,05-May-2026,05:09:23,0.98,1
Eastern Phoebe,Sayornis phoebe,2026-05-05T09:09:17Z,05-May-2026,05:09:17,0.96,1
Eastern Phoebe,Sayornis phoebe,2026-05-05T09:09:10Z,05-May-2026,05:09:10,0.93,1
Eastern Phoebe,Sayornis phoebe,2026-05-05T09:09:04Z,05-May-2026,05:09:04,0.96,1
Eastern Phoebe,Sayornis phoebe,2026-05-05T09:08:57Z,05-May-2026,05:08:57,0.99,1
Eastern Phoebe,Sayornis phoebe,2026-05-05T09:08:49Z,05-May-2026,05:08:49,0.97,1
Eastern Phoebe,Sayornis phoebe,2026-05-05T09:08:43Z,05-May-2026,05:08:43,0.97,1
Eastern Phoebe,Sayornis phoebe,2026-05-05T09:08:36Z,05-May-2026,05:08:36,0.97,1
Eastern Phoebe,Sayornis phoebe,2026-05-05T09:08:30Z,05-May-2026,05:08:30,0.97,1
Eastern Phoebe,Sayornis phoebe,2026-05-05T09:08:24Z,05-May-2026,05:08:24,0.99,1
Eastern Phoebe,Sayornis phoebe,2026-05-05T09:08:17Z,05-May-2026,05:08:17,0.98,1
Eastern Phoebe,Sayornis phoebe,2026-05-05T09:08:11Z,05-May-2026,05:08:11,0.97,1
Eastern Phoebe,Sayornis phoebe,2026-05-05T09:08:04Z,05-May-2026,05:08:04,0.98,1
Eastern Phoebe,Sayornis phoebe,2026-05-05T09:07:58Z,05-May-2026,05:07:58,0.97,1
Eastern Phoebe,Sayornis phoebe,2026-05-05T09:07:51Z,05-May-2026,05:07:51,0.95,1
Eastern Phoebe,Sayornis phoebe,2026-05-05T09:07:45Z,05-May-2026,05:07:45,0.98,1
Eastern Phoebe,Sayornis phoebe,2026-05-05T09:07:39Z,05-May-2026,05:07:39,0.94,1
Eastern Phoebe,Sayornis phoebe,2026-05-05T09:07:32Z,05-May-2026,05:07:32,0.95,1
Eastern Phoebe,Sayornis phoebe,2026-05-05T09:07:25Z,05-May-2026,05:07:25,0.98,1
Eastern Phoebe,Sayornis phoebe,2026-05-05T09:07:18Z,05-May-2026,05:07:18,0.98,1
Eastern Phoebe,Sayornis phoebe,2026-05-05T09:07:12Z,05-May-2026,05:07:12,0.98,1
Eastern Phoebe,Sayornis phoebe,2026-05-05T09:07:06Z,05-May-2026,05:07:06,0.98,1
Eastern Phoebe,Sayornis phoebe,2026-05-05T09:06:59Z,05-May-2026,05:06:59,0.98,1
Eastern Phoebe,Sayornis phoebe,2026-05-05T09:06:52Z,05-May-2026,05:06:52,0.98,1
Eastern Phoebe,Sayornis phoebe,2026-05-05T09:06:46Z,05-May-2026,05:06:46,0.92,1
Eastern Phoebe,Sayornis phoebe,2026-05-05T09:06:39Z,05-May-2026,05:06:39,0.98,1
Eastern Phoebe,Sayornis phoebe,2026-05-05T09:06:33Z,05-May-2026,05:06:33,0.97,1
Eastern Phoebe,Sayornis phoebe,2026-05-05T09:06:26Z,05-May-2026,05:06:26,0.95,1
Eastern Phoebe,Sayornis phoebe,2026-05-05T09:06:19Z,05-May-2026,05:06:19,0.95,1
Eastern Phoebe,Sayornis phoebe,2026-05-05T09:06:12Z,05-May-2026,05:06:12,0.95,1
Eastern Phoebe,Sayornis phoebe,2026-05-05T09:06:06Z,05-May-2026,05:06:06,0.96,1
Eastern Phoebe,Sayornis phoebe,2026-05-05T09:05:59Z,05-May-2026,05:05:59,0.96,1
Eastern Phoebe,Sayornis phoebe,2026-05-05T09:05:52Z,05-May-2026,05:05:52,0.92,1
Eastern Phoebe,Sayornis phoebe,2026-05-05T09:05:45Z,05-May-2026,05:05:45,0.98,1
Eastern Phoebe,Sayornis phoebe,2026-05-05T09:05:39Z,05-May-2026,05:05:39,0.98,1
Eastern Phoebe,Sayornis phoebe,2026-05-05T09:05:32Z,05-May-2026,05:05:32,0.96,1
Eastern Phoebe,Sayornis phoebe,2026-05-05T09:05:26Z,05-May-2026,05:05:26,0.95,1
Eastern Phoebe,Sayornis phoebe,2026-05-05T09:05:20Z,05-May-2026,05:05:20,0.99,1
Eastern Phoebe,Sayornis phoebe,2026-05-05T09:05:13Z,05-May-2026,05:05:13,0.91,1
Eastern Phoebe,Sayornis phoebe,2026-05-05T09:05:06Z,05-May-2026,05:05:06,0.94,1
Eastern Phoebe,Sayornis phoebe,2026-05-05T09:05:00Z,05-May-2026,05:05:00,0.93,1
Eastern Phoebe,Sayornis phoebe,2026-05-05T09:04:53Z,05-May-2026,05:04:53,0.98,1
Eastern Phoebe,Sayornis phoebe,2026-05-05T09:04:47Z,05-May-2026,05:04:47,0.97,1
Eastern Phoebe,Sayornis phoebe,2026-05-05T09:04:41Z,05-May-2026,05:04:41,0.98,1
Eastern Phoebe,Sayornis phoebe,2026-05-05T09:04:34Z,05-May-2026,05:04:34,0.97,1
Eastern Phoebe,Sayornis phoebe,2026-05-05T09:04:28Z,05-May-2026,05:04:28,0.96,1
Eastern Phoebe,Sayornis phoebe,2026-05-05T09:04:21Z,05-May-2026,05:04:21,0.95,1
Eastern Phoebe,Sayornis phoebe,2026-05-05T09:04:15Z,05-May-2026,05:04:15,0.94,1
Eastern Phoebe,Sayornis phoebe,2026-05-05T09:04:08Z,05-May-2026,05:04:08,0.98,1
Eastern Phoebe,Sayornis phoebe,2026-05-05T09:04:02Z,05-May-2026,05:04:02,0.97,1
Eastern Phoebe,Sayornis phoebe,2026-05-05T09:03:55Z,05-May-2026,05:03:55,0.95,1
Eastern Phoebe,Sayornis phoebe,2026-05-05T09:03:49Z,05-May-2026,05:03:49,0.94,1
Eastern Phoebe,Sayornis phoebe,2026-05-05T09:03:42Z,05-May-2026,05:03:42,0.98,1
Eastern Phoebe,Sayornis phoebe,2026-05-05T09:03:36Z,05-May-2026,05:03:36,0.93,1
Eastern Phoebe,Sayornis phoebe,2026-05-05T09:03:30Z,05-May-2026,05:03:30,0.96,1
Eastern Phoebe,Sayornis phoebe,2026-05-05T09:03:23Z,05-May-2026,05:03:23,0.91,1
Eastern Phoebe,Sayornis phoebe,2026-05-05T09:03:16Z,05-May-2026,05:03:16,0.99,1
Eastern Phoebe,Sayornis phoebe,2026-05-05T09:03:09Z,05-May-2026,05:03:09,0.99,1
Eastern Phoebe,Sayornis phoebe,2026-05-05T09:03:02Z,05-May-2026,05:03:02,0.98,1
Eastern Phoebe,Sayornis phoebe,2026-05-05T09:02:56Z,05-May-2026,05:02:56,0.93,1
Eastern Phoebe,Sayornis phoebe,2026-05-05T09:02:49Z,05-May-2026,05:02:49,0.97,1
Eastern Phoebe,Sayornis phoebe,2026-05-05T09:02:43Z,05-May-2026,05:02:43,0.96,1
Eastern Phoebe,Sayornis phoebe,2026-05-05T09:02:36Z,05-May-2026,05:02:36,0.95,1
Eastern Phoebe,Sayornis phoebe,2026-05-05T09:02:30Z,05-May-2026,05:02:30,0.91,1
Eastern Phoebe,Sayornis phoebe,2026-05-05T09:02:24Z,05-May-2026,05:02:24,0.96,1
Eastern Phoebe,Sayornis phoebe,2026-05-05T09:02:17Z,05-May-2026,05:02:17,0.99,1
Eastern Phoebe,Sayornis phoebe,2026-05-05T09:02:10Z,05-May-2026,05:02:10,0.93,1
Eastern Phoebe,Sayornis phoebe,2026-05-05T09:02:03Z,05-May-2026,05:02:03,0.98,1
Eastern Phoebe,Sayornis phoebe,2026-05-05T09:01:57Z,05-May-2026,05:01:57,0.94,1
Eastern Phoebe,Sayornis phoebe,2026-05-05T09:01:50Z,05-May-2026,05:01:50,0.98,1
Eastern Phoebe,Sayornis phoebe,2026-05-05T09:01:43Z,05-May-2026,05:01:43,0.98,1
Eastern Phoebe,Sayornis phoebe,2026-05-05T09:01:36Z,05-May-2026,05:01:36,0.94,1
Eastern Phoebe,Sayornis phoebe,2026-05-05T09:01:30Z,05-May-2026,05:01:30,0.95,1
Eastern Phoebe,Sayornis phoebe,2026-05-05T09:01:23Z,05-May-2026,05:01:23,0.92,1
Eastern Phoebe,Sayornis phoebe,2026-05-05T09:01:17Z,05-May-2026,05:01:17,0.98,1
Eastern Phoebe,Sayornis phoebe,2026-05-05T09:01:11Z,05-May-2026,05:01:11,0.98,1
Eastern Phoebe,Sayornis phoebe,2026-05-05T09:01:04Z,05-May-2026,05:01:04,0.92,1
Eastern Phoebe,Sayornis phoebe,2026-05-05T09:00:58Z,05-May-2026,05:00:58,0.96,1
Eastern Phoebe,Sayornis phoebe,2026-05-05T09:00:51Z,05-May-2026,05:00:51,0.97,1
Eastern Phoebe,Sayornis phoebe,2026-05-05T09:00:45Z,05-May-2026,05:00:45,0.91,1
Eastern Phoebe,Sayornis phoebe,2026-05-05T09:00:38Z,05-May-2026,05:00:38,0.99,1
Eastern Phoebe,Sayornis phoebe,2026-05-05T09:00:32Z,05-May-2026,05:00:32,0.93,1
Eastern Phoebe,Sayornis phoebe,2026-05-05T09:00:25Z,05-May-2026,05:00:25,0.99,1
Eastern Phoebe,Sayornis phoebe,2026-05-05T09:00:19Z,05-May-2026,05:00:19,0.97,1
Eastern Phoebe,Sayornis phoebe,2026-05-05T09:00:12Z,05-May-2026,05:00:12,0.98,1
Eastern Phoebe,Sayornis phoebe,2026-05-05T09:00:06Z,05-May-2026,05:00:06,0.95,1
Eastern Phoebe,Sayornis phoebe,2026-05-05T08:59:59Z,05-May-2026,04:59:59,0.98,1
Eastern Phoebe,Sayornis phoebe,2026-05-05T08:59:53Z,05-May-2026,04:59:53,0.96,1
Eastern Phoebe,Sayornis phoebe,2026-05-05T08:59:46Z,05-May-2026,04:59:46,0.98,1
Eastern Phoebe,Sayornis phoebe,2026-05-05T08:59:39Z,05-May-2026,04:59:39,0.96,1
Eastern Phoebe,Sayornis phoebe,2026-05-05T08:59:32Z,05-May-2026,04:59:32,0.98,1
Eastern Phoebe,Sayornis phoebe,2026-05-05T08:59:25Z,05-May-2026,04:59:25,0.98,1
Eastern Phoebe,Sayornis phoebe,2026-05-05T08:59:18Z,05-May-2026,04:59:18,0.98,1
Eastern Phoebe,Sayornis phoebe,2026-05-05T08:59:12Z,05-May-2026,04:59:12,0.96,1
Eastern Phoebe,Sayornis phoebe,2026-05-05T08:59:05Z,05-May-2026,04:59:05,0.99,1
Eastern Phoebe,Sayornis phoebe,2026-05-05T08:58:58Z,05-May-2026,04:58:58,0.96,1
Eastern Phoebe,Sayornis phoebe,2026-05-05T08:58:52Z,05-May-2026,04:58:52,0.96,1
Eastern Phoebe,Sayornis phoebe,2026-05-05T08:58:46Z,05-May-2026,04:58:46,0.94,1
Eastern Phoebe,Sayornis phoebe,2026-05-05T08:58:39Z,05-May-2026,04:58:39,0.96,1
Eastern Phoebe,Sayornis phoebe,2026-05-05T08:58:33Z,05-May-2026,04:58:33,0.94,1
Eastern Phoebe,Sayornis phoebe,2026-05-05T08:58:26Z,05-May-2026,04:58:26,0.97,1
Eastern Phoebe,Sayornis phoebe,2026-05-05T08:58:20Z,05-May-2026,04:58:20,0.99,1
Eastern Phoebe,Sayornis phoebe,2026-05-05T08:58:13Z,05-May-2026,04:58:13,0.98,1
Eastern Phoebe,Sayornis phoebe,2026-05-05T08:58:07Z,05-May-2026,04:58:07,0.95,1
Eastern Phoebe,Sayornis phoebe,2026-05-05T08:58:00Z,05-May-2026,04:58:00,0.96,1
Eastern Phoebe,Sayornis phoebe,2026-05-05T08:57:54Z,05-May-2026,04:57:54,0.98,1
Eastern Phoebe,Sayornis phoebe,2026-05-05T08:57:48Z,05-May-2026,04:57:48,0.97,1
Eastern Phoebe,Sayornis phoebe,2026-05-05T08:57:41Z,05-May-2026,04:57:41,0.97,1
Eastern Phoebe,Sayornis phoebe,2026-05-05T08:57:34Z,05-May-2026,04:57:34,0.97,1
Eastern Phoebe,Sayornis phoebe,2026-05-05T08:57:27Z,05-May-2026,04:57:27,0.98,1
Eastern Phoebe,Sayornis phoebe,2026-05-05T08:57:21Z,05-May-2026,04:57:21,0.99,1
Eastern Phoebe,Sayornis phoebe,2026-05-05T08:57:14Z,05-May-2026,04:57:14,0.96,1
Eastern Phoebe,Sayornis phoebe,2026-05-05T08:57:08Z,05-May-2026,04:57:08,0.98,1
Eastern Phoebe,Sayornis phoebe,2026-05-05T08:57:01Z,05-May-2026,04:57:01,0.97,1
Eastern Phoebe,Sayornis phoebe,2026-05-05T08:56:54Z,05-May-2026,04:56:54,0.98,1
Eastern Phoebe,Sayornis phoebe,2026-05-05T08:56:48Z,05-May-2026,04:56:48,0.97,1
Eastern Phoebe,Sayornis phoebe,2026-05-05T08:56:41Z,05-May-2026,04:56:41,0.95,1
Eastern Phoebe,Sayornis phoebe,2026-05-05T08:56:34Z,05-May-2026,04:56:34,0.96,1
Eastern Phoebe,Sayornis phoebe,2026-05-05T08:56:27Z,05-May-2026,04:56:27,0.97,1
Eastern Phoebe,Sayornis phoebe,2026-05-05T08:56:21Z,05-May-2026,04:56:21,0.96,1
Eastern Phoebe,Sayornis phoebe,2026-05-05T08:56:14Z,05-May-2026,04:56:14,0.96,1
Eastern Phoebe,Sayornis phoebe,2026-05-05T08:56:08Z,05-May-2026,04:56:08,0.96,1
Eastern Phoebe,Sayornis phoebe,2026-05-05T08:56:01Z,05-May-2026,04:56:01,0.92,1
Eastern Phoebe,Sayornis phoebe,2026-05-05T08:55:55Z,05-May-2026,04:55:55,0.94,1
Eastern Phoebe,Sayornis phoebe,2026-05-05T08:55:49Z,05-May-2026,04:55:49,0.98,1
Eastern Phoebe,Sayornis phoebe,2026-05-05T08:55:42Z,05-May-2026,04:55:42,0.95,1
Eastern Phoebe,Sayornis phoebe,2026-05-05T08:55:36Z,05-May-2026,04:55:36,0.98,1
Eastern Phoebe,Sayornis phoebe,2026-05-05T08:55:29Z,05-May-2026,04:55:29,0.98,1
Eastern Phoebe,Sayornis phoebe,2026-05-05T08:55:22Z,05-May-2026,04:55:22,0.97,1
Eastern Phoebe,Sayornis phoebe,2026-05-05T08:55:15Z,05-May-2026,04:55:15,0.98,1
Eastern Phoebe,Sayornis phoebe,2026-05-05T08:55:09Z,05-May-2026,04:55:09,0.94,1
Eastern Phoebe,Sayornis phoebe,2026-05-05T08:55:02Z,05-May-2026,04:55:02,0.93,1
Eastern Phoebe,Sayornis phoebe,2026-05-05T08:54:56Z,05-May-2026,04:54:56,0.97,1
Eastern Phoebe,Sayornis phoebe,2026-05-05T08:54:49Z,05-May-2026,04:54:49,0.89,1
Eastern Phoebe,Sayornis phoebe,2026-05-05T08:54:43Z,05-May-2026,04:54:43,0.98,1
Eastern Phoebe,Sayornis phoebe,2026-05-05T08:54:36Z,05-May-2026,04:54:36,0.98,1
Eastern Phoebe,Sayornis phoebe,2026-05-05T08:54:30Z,05-May-2026,04:54:30,0.94,1
Eastern Phoebe,Sayornis phoebe,2026-05-05T08:54:24Z,05-May-2026,04:54:24,0.97,1
Eastern Phoebe,Sayornis phoebe,2026-05-05T08:54:17Z,05-May-2026,04:54:17,0.91,1
Eastern Phoebe,Sayornis phoebe,2026-05-05T08:54:11Z,05-May-2026,04:54:11,0.94,1
Eastern Phoebe,Sayornis phoebe,2026-05-05T08:54:04Z,05-May-2026,04:54:04,0.98,1
Eastern Phoebe,Sayornis phoebe,2026-05-05T08:53:58Z,05-May-2026,04:53:58,0.97,1
Eastern Phoebe,Sayornis phoebe,2026-05-05T08:53:52Z,05-May-2026,04:53:52,0.96,1
Eastern Phoebe,Sayornis phoebe,2026-05-05T08:53:45Z,05-May-2026,04:53:45,0.98,1
Eastern Phoebe,Sayornis phoebe,2026-05-05T08:53:39Z,05-May-2026,04:53:39,0.97,1
Eastern Phoebe,Sayornis phoebe,2026-05-05T08:53:32Z,05-May-2026,04:53:32,0.98,1
Eastern Phoebe,Sayornis phoebe,2026-05-05T08:53:25Z,05-May-2026,04:53:25,0.98,1
Eastern Phoebe,Sayornis phoebe,2026-05-05T08:53:18Z,05-May-2026,04:53:18,0.98,1
Eastern Phoebe,Sayornis phoebe,2026-05-05T08:53:12Z,05-May-2026,04:53:12,0.99,1
Eastern Phoebe,Sayornis phoebe,2026-05-05T08:53:05Z,05-May-2026,04:53:05,0.98,1
Eastern Phoebe,Sayornis phoebe,2026-05-05T08:52:59Z,05-May-2026,04:52:59,0.99,1
Eastern Phoebe,Sayornis phoebe,2026-05-05T08:52:52Z,05-May-2026,04:52:52,0.98,1
Eastern Phoebe,Sayornis phoebe,2026-05-05T08:52:46Z,05-May-2026,04:52:46,0.99,1
Eastern Phoebe,Sayornis phoebe,2026-05-05T08:52:40Z,05-May-2026,04:52:40,0.98,1
Eastern Phoebe,Sayornis phoebe,2026-05-05T08:52:33Z,05-May-2026,04:52:33,0.98,1
Eastern Phoebe,Sayornis phoebe,2026-05-05T08:52:27Z,05-May-2026,04:52:27,0.96,1
Eastern Phoebe,Sayornis phoebe,2026-05-05T08:52:20Z,05-May-2026,04:52:20,0.98,1
Eastern Phoebe,Sayornis phoebe,2026-05-05T08:52:14Z,05-May-2026,04:52:14,0.98,1
Eastern Phoebe,Sayornis phoebe,2026-05-05T08:52:07Z,05-May-2026,04:52:07,0.97,1
Eastern Phoebe,Sayornis phoebe,2026-05-05T08:52:00Z,05-May-2026,04:52:00,0.94,1
Eastern Phoebe,Sayornis phoebe,2026-05-05T08:51:54Z,05-May-2026,04:51:54,0.86,1
Eastern Phoebe,Sayornis phoebe,2026-05-05T08:51:48Z,05-May-2026,04:51:48,0.99,1
Eastern Phoebe,Sayornis phoebe,2026-05-05T08:51:41Z,05-May-2026,04:51:41,0.98,1
Eastern Phoebe,Sayornis phoebe,2026-05-05T08:51:34Z,05-May-2026,04:51:34,0.98,1
Eastern Phoebe,Sayornis phoebe,2026-05-05T08:51:27Z,05-May-2026,04:51:27,0.99,1
Eastern Phoebe,Sayornis phoebe,2026-05-05T08:51:21Z,05-May-2026,04:51:21,0.95,1
Eastern Phoebe,Sayornis phoebe,2026-05-05T08:51:14Z,05-May-2026,04:51:14,0.98,1
Eastern Phoebe,Sayornis phoebe,2026-05-05T08:51:08Z,05-May-2026,04:51:08,0.99,1
Eastern Phoebe,Sayornis phoebe,2026-05-05T08:51:01Z,05-May-2026,04:51:01,0.99,1
Eastern Phoebe,Sayornis phoebe,2026-05-05T08:50:54Z,05-May-2026,04:50:54,0.98,1
Eastern Phoebe,Sayornis phoebe,2026-05-05T08:50:48Z,05-May-2026,04:50:48,0.91,1
Eastern Phoebe,Sayornis phoebe,2026-05-05T08:50:41Z,05-May-2026,04:50:41,0.98,1
Eastern Phoebe,Sayornis phoebe,2026-05-05T08:50:35Z,05-May-2026,04:50:35,0.93,1
Eastern Phoebe,Sayornis phoebe,2026-05-05T08:50:28Z,05-May-2026,04:50:28,0.98,1
Eastern Phoebe,Sayornis phoebe,2026-05-05T08:50:22Z,05-May-2026,04:50:22,0.97,1
Eastern Phoebe,Sayornis phoebe,2026-05-05T08:50:16Z,05-May-2026,04:50:16,0.97,1
Eastern Phoebe,Sayornis phoebe,2026-05-05T08:50:09Z,05-May-2026,04:50:09,0.97,1
Eastern Phoebe,Sayornis phoebe,2026-05-05T08:50:03Z,05-May-2026,04:50:03,0.97,1
Eastern Phoebe,Sayornis phoebe,2026-05-05T08:49:56Z,05-May-2026,04:49:56,0.97,1
Eastern Phoebe,Sayornis phoebe,2026-05-05T08:49:49Z,05-May-2026,04:49:49,0.98,1
Eastern Phoebe,Sayornis phoebe,2026-05-05T08:49:43Z,05-May-2026,04:49:43,0.99,1
Eastern Phoebe,Sayornis phoebe,2026-05-05T08:49:36Z,05-May-2026,04:49:36,0.96,1
Eastern Phoebe,Sayornis phoebe,2026-05-05T08:49:30Z,05-May-2026,04:49:30,0.94,1
Eastern Phoebe,Sayornis phoebe,2026-05-05T08:49:24Z,05-May-2026,04:49:24,0.98,1
Eastern Phoebe,Sayornis phoebe,2026-05-05T08:49:17Z,05-May-2026,04:49:17,0.98,1
Eastern Phoebe,Sayornis phoebe,2026-05-05T08:49:11Z,05-May-2026,04:49:11,0.92,1
Eastern Phoebe,Sayornis phoebe,2026-05-05T08:49:04Z,05-May-2026,04:49:04,0.98,1
Eastern Phoebe,Sayornis phoebe,2026-05-05T08:48:58Z,05-May-2026,04:48:58,0.99,1
Eastern Phoebe,Sayornis phoebe,2026-05-05T08:48:52Z,05-May-2026,04:48:52,0.98,1
Eastern Phoebe,Sayornis phoebe,2026-05-05T08:48:45Z,05-May-2026,04:48:45,0.98,1
Eastern Phoebe,Sayornis phoebe,2026-05-05T08:48:39Z,05-May-2026,04:48:39,0.98,1
Eastern Phoebe,Sayornis phoebe,2026-05-05T08:48:32Z,05-May-2026,04:48:32,0.98,1
Eastern Phoebe,Sayornis phoebe,2026-05-05T08:48:25Z,05-May-2026,04:48:25,0.99,1
Eastern Phoebe,Sayornis phoebe,2026-05-05T08:48:18Z,05-May-2026,04:48:18,0.98,1
Eastern Phoebe,Sayornis phoebe,2026-05-05T08:48:12Z,05-May-2026,04:48:12,0.95,1
Eastern Phoebe,Sayornis phoebe,2026-05-05T08:48:05Z,05-May-2026,04:48:05,0.97,1
Eastern Phoebe,Sayornis phoebe,2026-05-05T08:47:59Z,05-May-2026,04:47:59,0.98,1
Eastern Phoebe,Sayornis phoebe,2026-05-05T08:47:52Z,05-May-2026,04:47:52,0.97,1
Eastern Phoebe,Sayornis phoebe,2026-05-05T08:47:46Z,05-May-2026,04:47:46,0.98,1
Eastern Phoebe,Sayornis phoebe,2026-05-05T08:47:39Z,05-May-2026,04:47:39,0.98,1
Eastern Phoebe,Sayornis phoebe,2026-05-05T08:47:33Z,05-May-2026,04:47:33,0.97,1
Eastern Phoebe,Sayornis phoebe,2026-05-05T08:47:27Z,05-May-2026,04:47:27,0.99,1
Eastern Phoebe,Sayornis phoebe,2026-05-05T08:47:20Z,05-May-2026,04:47:20,0.98,1
Eastern Phoebe,Sayornis phoebe,2026-05-05T08:47:13Z,05-May-2026,04:47:13,0.99,1
Eastern Phoebe,Sayornis phoebe,2026-05-05T08:47:06Z,05-May-2026,04:47:06,0.97,1
Eastern Phoebe,Sayornis phoebe,2026-05-05T08:47:00Z,05-May-2026,04:47:00,0.98,1
Eastern Phoebe,Sayornis phoebe,2026-05-05T08:46:53Z,05-May-2026,04:46:53,0.98,1
Eastern Phoebe,Sayornis phoebe,2026-05-05T08:46:46Z,05-May-2026,04:46:46,0.85,1
Eastern Phoebe,Sayornis phoebe,2026-05-05T08:46:39Z,05-May-2026,04:46:39,0.98,1
Eastern Phoebe,Sayornis phoebe,2026-05-05T08:46:33Z,05-May-2026,04:46:33,0.98,1
Eastern Phoebe,Sayornis phoebe,2026-05-05T08:46:27Z,05-May-2026,04:46:27,0.93,1
Eastern Phoebe,Sayornis phoebe,2026-05-05T08:46:20Z,05-May-2026,04:46:20,0.93,1
Eastern Phoebe,Sayornis phoebe,2026-05-05T08:46:14Z,05-May-2026,04:46:14,0.96,1
Eastern Phoebe,Sayornis phoebe,2026-05-05T08:46:07Z,05-May-2026,04:46:07,0.93,1
Eastern Phoebe,Sayornis phoebe,2026-05-05T08:46:01Z,05-May-2026,04:46:01,0.98,1
Eastern Phoebe,Sayornis phoebe,2026-05-05T08:45:54Z,05-May-2026,04:45:54,0.95,1
Eastern Phoebe,Sayornis phoebe,2026-05-05T08:45:48Z,05-May-2026,04:45:48,0.88,1
Eastern Phoebe,Sayornis phoebe,2026-05-05T08:45:42Z,05-May-2026,04:45:42,0.93,1
Eastern Phoebe,Sayornis phoebe,2026-05-05T08:45:35Z,05-May-2026,04:45:35,0.98,1
Eastern Phoebe,Sayornis phoebe,2026-05-05T08:45:28Z,05-May-2026,04:45:28,0.98,1
Eastern Phoebe,Sayornis phoebe,2026-05-05T08:45:21Z,05-May-2026,04:45:21,0.88,1
Eastern Phoebe,Sayornis phoebe,2026-05-05T08:45:15Z,05-May-2026,04:45:15,0.98,1
Eastern Phoebe,Sayornis phoebe,2026-05-05T08:45:08Z,05-May-2026,04:45:08,0.94,1
Eastern Phoebe,Sayornis phoebe,2026-05-05T08:45:02Z,05-May-2026,04:45:02,0.83,1
Eastern Phoebe,Sayornis phoebe,2026-05-05T08:44:55Z,05-May-2026,04:44:55,0.97,1
Eastern Phoebe,Sayornis phoebe,2026-05-05T08:44:49Z,05-May-2026,04:44:49,0.92,1
Eastern Phoebe,Sayornis phoebe,2026-05-05T08:44:43Z,05-May-2026,04:44:43,0.93,1
Eastern Phoebe,Sayornis phoebe,2026-05-05T08:44:35Z,05-May-2026,04:44:35,0.92,1
Eastern Phoebe,Sayornis phoebe,2026-05-05T08:44:28Z,05-May-2026,04:44:28,0.94,1
Eastern Phoebe,Sayornis phoebe,2026-05-05T08:44:21Z,05-May-2026,04:44:21,0.92,1
Eastern Phoebe,Sayornis phoebe,2026-05-05T08:44:15Z,05-May-2026,04:44:15,0.93,1
Eastern Phoebe,Sayornis phoebe,2026-05-05T08:44:09Z,05-May-2026,04:44:09,0.99,1
Eastern Phoebe,Sayornis phoebe,2026-05-05T08:44:02Z,05-May-2026,04:44:02,0.92,1
Eastern Phoebe,Sayornis phoebe,2026-05-05T08:43:55Z,05-May-2026,04:43:55,0.97,1
Eastern Phoebe,Sayornis phoebe,2026-05-05T08:43:48Z,05-May-2026,04:43:48,0.96,1
Eastern Phoebe,Sayornis phoebe,2026-05-05T08:43:42Z,05-May-2026,04:43:42,0.96,1
Eastern Phoebe,Sayornis phoebe,2026-05-05T08:43:35Z,05-May-2026,04:43:35,0.99,1
Eastern Phoebe,Sayornis phoebe,2026-05-05T08:43:29Z,05-May-2026,04:43:29,0.94,1
Eastern Phoebe,Sayornis phoebe,2026-05-05T08:43:22Z,05-May-2026,04:43:22,0.44,1
Eastern Phoebe,Sayornis phoebe,2026-05-05T08:43:15Z,05-May-2026,04:43:15,0.9,1
Eastern Phoebe,Sayornis phoebe,2026-05-05T08:43:09Z,05-May-2026,04:43:09,0.99,1
Eastern Phoebe,Sayornis phoebe,2026-05-05T08:43:02Z,05-May-2026,04:43:02,0.98,1
Eastern Phoebe,Sayornis phoebe,2026-05-05T08:42:55Z,05-May-2026,04:42:55,0.96,1
Eastern Phoebe,Sayornis phoebe,2026-05-05T08:42:48Z,05-May-2026,04:42:48,0.98,1
Eastern Phoebe,Sayornis phoebe,2026-05-05T08:42:42Z,05-May-2026,04:42:42,0.98,1
Eastern Phoebe,Sayornis phoebe,2026-05-05T08:42:35Z,05-May-2026,04:42:35,0.91,1
Eastern Phoebe,Sayornis phoebe,2026-05-05T08:42:29Z,05-May-2026,04:42:29,0.93,1
Eastern Phoebe,Sayornis phoebe,2026-05-05T08:42:16Z,05-May-2026,04:42:16,0.28,1
Eastern Phoebe,Sayornis phoebe,2026-05-05T08:42:03Z,05-May-2026,04:42:03,0.26,1
Eastern Phoebe,Sayornis phoebe,2026-05-05T08:41:43Z,05-May-2026,04:41:43,0.78,1
American Woodcock,Scolopax minor,2026-05-05T08:37:37Z,05-May-2026,04:37:37,0.87,1
American Woodcock,Scolopax minor,2026-05-05T08:37:10Z,05-May-2026,04:37:10,0.95,1
American Woodcock,Scolopax minor,2026-05-05T08:25:41Z,05-May-2026,04:25:41,0.88,1
American Woodcock,Scolopax minor,2026-05-05T08:23:56Z,05-May-2026,04:23:56,0.88,1
American Woodcock,Scolopax minor,2026-05-05T08:23:44Z,05-May-2026,04:23:44,0.97,1
American Woodcock,Scolopax minor,2026-05-05T08:23:37Z,05-May-2026,04:23:37,0.66,1
American Woodcock,Scolopax minor,2026-05-05T08:23:28Z,05-May-2026,04:23:28,0.53,1
American Woodcock,Scolopax minor,2026-05-05T08:18:55Z,05-May-2026,04:18:55,0.55,1
American Woodcock,Scolopax minor,2026-05-05T08:16:44Z,05-May-2026,04:16:44,0.56,1
American Woodcock,Scolopax minor,2026-05-05T08:16:31Z,05-May-2026,04:16:31,0.69,1
American Woodcock,Scolopax minor,2026-05-05T08:16:24Z,05-May-2026,04:16:24,0.83,1
American Woodcock,Scolopax minor,2026-05-05T08:16:11Z,05-May-2026,04:16:11,0.61,1
American Woodcock,Scolopax minor,2026-05-05T08:15:59Z,05-May-2026,04:15:59,0.89,1
American Woodcock,Scolopax minor,2026-05-05T08:15:32Z,05-May-2026,04:15:32,0.31,1
American Woodcock,Scolopax minor,2026-05-05T08:06:13Z,05-May-2026,04:06:13,0.86,1
American Woodcock,Scolopax minor,2026-05-05T08:04:43Z,05-May-2026,04:04:43,0.73,1
American Woodcock,Scolopax minor,2026-05-05T07:57:26Z,05-May-2026,03:57:26,0.81,1
American Woodcock,Scolopax minor,2026-05-05T07:57:17Z,05-May-2026,03:57:17,0.86,1
American Woodcock,Scolopax minor,2026-05-05T07:54:46Z,05-May-2026,03:54:46,0.8,1
American Woodcock,Scolopax minor,2026-05-05T07:43:34Z,05-May-2026,03:43:34,0.64,1
American Woodcock,Scolopax minor,2026-05-05T07:41:56Z,05-May-2026,03:41:56,0.82,1
American Woodcock,Scolopax minor,2026-05-05T07:39:47Z,05-May-2026,03:39:47,0.59,1
American Woodcock,Scolopax minor,2026-05-05T07:11:01Z,05-May-2026,03:11:01,0.61,1
American Woodcock,Scolopax minor,2026-05-05T07:06:14Z,05-May-2026,03:06:14,0.81,1
American Woodcock,Scolopax minor,2026-05-05T07:05:58Z,05-May-2026,03:05:58,0.64,1
American Woodcock,Scolopax minor,2026-05-05T07:03:05Z,05-May-2026,03:03:05,0.78,1
American Woodcock,Scolopax minor,2026-05-05T07:02:56Z,05-May-2026,03:02:56,0.5,1
American Woodcock,Scolopax minor,2026-05-05T07:02:07Z,05-May-2026,03:02:07,0.84,1
American Woodcock,Scolopax minor,2026-05-05T07:01:46Z,05-May-2026,03:01:46,0.74,1
American Woodcock,Scolopax minor,2026-05-05T07:00:21Z,05-May-2026,03:00:21,0.78,1
American Woodcock,Scolopax minor,2026-05-05T06:59:56Z,05-May-2026,02:59:56,0.74,1
American Woodcock,Scolopax minor,2026-05-05T06:58:43Z,05-May-2026,02:58:43,0.82,1
American Woodcock,Scolopax minor,2026-05-05T06:58:01Z,05-May-2026,02:58:01,0.7,1
American Woodcock,Scolopax minor,2026-05-05T06:57:51Z,05-May-2026,02:57:51,0.51,1
American Woodcock,Scolopax minor,2026-05-05T06:57:11Z,05-May-2026,02:57:11,0.65,1
American Woodcock,Scolopax minor,2026-05-05T06:55:43Z,05-May-2026,02:55:43,0.6,1
American Woodcock,Scolopax minor,2026-05-05T06:53:25Z,05-May-2026,02:53:25,0.4,1
American Woodcock,Scolopax minor,2026-05-05T06:52:17Z,05-May-2026,02:52:17,0.65,1
American Woodcock,Scolopax minor,2026-05-05T06:51:44Z,05-May-2026,02:51:44,0.8,1
American Woodcock,Scolopax minor,2026-05-05T06:51:38Z,05-May-2026,02:51:38,0.34,1
American Woodcock,Scolopax minor,2026-05-05T06:50:49Z,05-May-2026,02:50:49,0.42,1
American Woodcock,Scolopax minor,2026-05-05T06:48:43Z,05-May-2026,02:48:43,0.54,1
American Woodcock,Scolopax minor,2026-05-05T06:48:31Z,05-May-2026,02:48:31,0.92,1
American Woodcock,Scolopax minor,2026-05-05T06:48:25Z,05-May-2026,02:48:25,0.8,1
American Woodcock,Scolopax minor,2026-05-05T06:45:39Z,05-May-2026,02:45:39,0.72,1
American Woodcock,Scolopax minor,2026-05-05T06:44:32Z,05-May-2026,02:44:32,0.85,1
Golden-crowned Kinglet,Regulus satrapa,2026-05-05T06:34:32Z,05-May-2026,02:34:32,0.27,1
Red-breasted Nuthatch,Sitta canadensis,2026-05-05T06:28:28Z,05-May-2026,02:28:28,0.3,1
American Woodcock,Scolopax minor,2026-05-05T06:26:50Z,05-May-2026,02:26:50,0.34,1
American Woodcock,Scolopax minor,2026-05-05T06:25:45Z,05-May-2026,02:25:45,0.26,1
American Woodcock,Scolopax minor,2026-05-05T06:25:39Z,05-May-2026,02:25:39,0.34,1
American Woodcock,Scolopax minor,2026-05-05T06:25:33Z,05-May-2026,02:25:33,0.83,1
American Woodcock,Scolopax minor,2026-05-05T06:24:31Z,05-May-2026,02:24:31,0.52,1
American Woodcock,Scolopax minor,2026-05-05T06:23:41Z,05-May-2026,02:23:41,0.72,1
American Woodcock,Scolopax minor,2026-05-05T06:23:14Z,05-May-2026,02:23:14,0.64,1
American Woodcock,Scolopax minor,2026-05-05T06:23:05Z,05-May-2026,02:23:05,0.36,1
American Woodcock,Scolopax minor,2026-05-05T06:22:13Z,05-May-2026,02:22:13,0.79,1
American Woodcock,Scolopax minor,2026-05-05T06:22:01Z,05-May-2026,02:22:01,0.63,1
American Woodcock,Scolopax minor,2026-05-05T06:21:39Z,05-May-2026,02:21:39,0.75,1
American Woodcock,Scolopax minor,2026-05-05T06:18:38Z,05-May-2026,02:18:38,0.74,1
American Woodcock,Scolopax minor,2026-05-05T06:18:26Z,05-May-2026,02:18:26,0.63,1
American Woodcock,Scolopax minor,2026-05-05T06:18:17Z,05-May-2026,02:18:17,0.27,1
American Woodcock,Scolopax minor,2026-05-05T06:13:59Z,05-May-2026,02:13:59,0.35,1
American Woodcock,Scolopax minor,2026-05-05T06:10:51Z,05-May-2026,02:10:51,0.45,1
American Woodcock,Scolopax minor,2026-05-05T06:09:41Z,05-May-2026,02:09:41,0.26,1
American Woodcock,Scolopax minor,2026-05-05T06:09:31Z,05-May-2026,02:09:31,0.41,1
American Woodcock,Scolopax minor,2026-05-05T06:08:26Z,05-May-2026,02:08:26,0.41,1
American Woodcock,Scolopax minor,2026-05-05T06:06:43Z,05-May-2026,02:06:43,0.59,1
American Woodcock,Scolopax minor,2026-05-05T06:06:37Z,05-May-2026,02:06:37,0.74,1
American Woodcock,Scolopax minor,2026-05-05T06:05:56Z,05-May-2026,02:05:56,0.58,1
American Woodcock,Scolopax minor,2026-05-05T06:05:46Z,05-May-2026,02:05:46,0.74,1
American Woodcock,Scolopax minor,2026-05-05T06:05:12Z,05-May-2026,02:05:12,0.56,1
American Woodcock,Scolopax minor,2026-05-05T06:04:21Z,05-May-2026,02:04:21,0.49,1
American Woodcock,Scolopax minor,2026-05-05T06:03:20Z,05-May-2026,02:03:20,0.53,1
American Woodcock,Scolopax minor,2026-05-05T06:02:47Z,05-May-2026,02:02:47,0.89,1
American Woodcock,Scolopax minor,2026-05-05T06:02:20Z,05-May-2026,02:02:20,0.3,1
American Woodcock,Scolopax minor,2026-05-05T06:00:54Z,05-May-2026,02:00:54,0.46,1
American Woodcock,Scolopax minor,2026-05-05T05:56:35Z,05-May-2026,01:56:35,0.72,1
American Woodcock,Scolopax minor,2026-05-05T05:56:26Z,05-May-2026,01:56:26,0.46,1
American Woodcock,Scolopax minor,2026-05-05T05:55:43Z,05-May-2026,01:55:43,0.47,1
American Woodcock,Scolopax minor,2026-05-05T05:54:20Z,05-May-2026,01:54:20,0.4,1
American Woodcock,Scolopax minor,2026-05-05T05:54:01Z,05-May-2026,01:54:01,0.87,1
American Woodcock,Scolopax minor,2026-05-05T05:53:49Z,05-May-2026,01:53:49,0.69,1
American Woodcock,Scolopax minor,2026-05-05T05:53:31Z,05-May-2026,01:53:31,0.85,1
American Woodcock,Scolopax minor,2026-05-05T05:53:06Z,05-May-2026,01:53:06,0.8,1
American Woodcock,Scolopax minor,2026-05-05T05:52:53Z,05-May-2026,01:52:53,0.54,1
American Woodcock,Scolopax minor,2026-05-05T05:52:43Z,05-May-2026,01:52:43,0.53,1
American Woodcock,Scolopax minor,2026-05-05T05:52:32Z,05-May-2026,01:52:32,0.82,1
American Woodcock,Scolopax minor,2026-05-05T05:51:58Z,05-May-2026,01:51:58,0.86,1
American Woodcock,Scolopax minor,2026-05-05T05:51:51Z,05-May-2026,01:51:51,0.38,1
American Woodcock,Scolopax minor,2026-05-05T05:51:42Z,05-May-2026,01:51:42,0.78,1
American Woodcock,Scolopax minor,2026-05-05T05:51:29Z,05-May-2026,01:51:29,0.73,1
American Woodcock,Scolopax minor,2026-05-05T05:51:19Z,05-May-2026,01:51:19,0.68,1
American Woodcock,Scolopax minor,2026-05-05T05:51:09Z,05-May-2026,01:51:09,0.52,1
American Woodcock,Scolopax minor,2026-05-05T05:50:38Z,05-May-2026,01:50:38,0.77,1
American Woodcock,Scolopax minor,2026-05-05T05:50:29Z,05-May-2026,01:50:29,0.83,1
American Woodcock,Scolopax minor,2026-05-05T05:50:17Z,05-May-2026,01:50:17,0.57,1
American Woodcock,Scolopax minor,2026-05-05T05:48:40Z,05-May-2026,01:48:40,0.28,1
American Woodcock,Scolopax minor,2026-05-05T05:21:41Z,05-May-2026,01:21:41,0.68,1
American Woodcock,Scolopax minor,2026-05-05T05:17:02Z,05-May-2026,01:17:02,0.91,1
American Woodcock,Scolopax minor,2026-05-05T05:12:04Z,05-May-2026,01:12:04,0.89,1
American Woodcock,Scolopax minor,2026-05-05T05:06:01Z,05-May-2026,01:06:01,0.9,1
American Woodcock,Scolopax minor,2026-05-05T05:00:33Z,05-May-2026,01:00:33,0.69,1
Gray Catbird,Dumetella carolinensis,2026-05-05T03:24:46Z,04-May-2026,23:24:46,0.7804,1
Barred Owl,Strix varia,2026-05-05T03:06:56Z,04-May-2026,23:06:56,0.43,1
Barred Owl,Strix varia,2026-05-05T02:44:37Z,04-May-2026,22:44:37,0.28,1
Barred Owl,Strix varia,2026-05-05T02:33:52Z,04-May-2026,22:33:52,0.96,1
Barred Owl,Strix varia,2026-05-05T02:33:31Z,04-May-2026,22:33:31,0.76,1
Barred Owl,Strix varia,2026-05-05T02:32:04Z,04-May-2026,22:32:04,0.91,1
Barred Owl,Strix varia,2026-05-05T02:31:55Z,04-May-2026,22:31:55,0.8,1
Tufted Titmouse,Baeolophus bicolor,2026-05-05T02:06:39Z,04-May-2026,22:06:39,0.7804,1
Long-tailed Duck,Clangula hyemalis,2026-05-05T01:29:54Z,04-May-2026,21:29:54,0.88,1
Long-tailed Duck,Clangula hyemalis,2026-05-05T01:29:47Z,04-May-2026,21:29:47,0.45,1
American Woodcock,Scolopax minor,2026-05-05T00:45:14Z,04-May-2026,20:45:14,0.93,1
American Woodcock,Scolopax minor,2026-05-05T00:41:27Z,04-May-2026,20:41:27,0.34,1
American Woodcock,Scolopax minor,2026-05-05T00:41:12Z,04-May-2026,20:41:12,0.65,1
American Woodcock,Scolopax minor,2026-05-05T00:40:54Z,04-May-2026,20:40:54,0.52,1
American Woodcock,Scolopax minor,2026-05-05T00:40:47Z,04-May-2026,20:40:47,0.89,1
American Woodcock,Scolopax minor,2026-05-05T00:40:34Z,04-May-2026,20:40:34,0.8,1
American Woodcock,Scolopax minor,2026-05-05T00:40:10Z,04-May-2026,20:40:10,0.48,1
American Woodcock,Scolopax minor,2026-05-05T00:37:55Z,04-May-2026,20:37:55,0.73,1
American Woodcock,Scolopax minor,2026-05-05T00:37:16Z,04-May-2026,20:37:16,0.31,1
American Woodcock,Scolopax minor,2026-05-05T00:37:07Z,04-May-2026,20:37:07,0.66,1
American Woodcock,Scolopax minor,2026-05-05T00:35:48Z,04-May-2026,20:35:48,0.67,1
American Woodcock,Scolopax minor,2026-05-05T00:35:36Z,04-May-2026,20:35:36,0.61,1
American Woodcock,Scolopax minor,2026-05-05T00:35:29Z,04-May-2026,20:35:29,0.28,1
American Woodcock,Scolopax minor,2026-05-05T00:34:16Z,04-May-2026,20:34:16,0.85,1
American Woodcock,Scolopax minor,2026-05-05T00:33:12Z,04-May-2026,20:33:12,0.33,1
American Woodcock,Scolopax minor,2026-05-05T00:32:47Z,04-May-2026,20:32:47,0.86,1
American Woodcock,Scolopax minor,2026-05-05T00:32:25Z,04-May-2026,20:32:25,0.88,1
American Woodcock,Scolopax minor,2026-05-05T00:31:23Z,04-May-2026,20:31:23,0.82,1
American Woodcock,Scolopax minor,2026-05-05T00:31:05Z,04-May-2026,20:31:05,0.72,1
American Woodcock,Scolopax minor,2026-05-05T00:30:47Z,04-May-2026,20:30:47,0.88,1
American Woodcock,Scolopax minor,2026-05-05T00:30:34Z,04-May-2026,20:30:34,0.74,1
American Woodcock,Scolopax minor,2026-05-05T00:30:28Z,04-May-2026,20:30:28,0.87,1
American Woodcock,Scolopax minor,2026-05-05T00:30:15Z,04-May-2026,20:30:15,0.79,1
American Woodcock,Scolopax minor,2026-05-05T00:29:37Z,04-May-2026,20:29:37,0.43,1
American Woodcock,Scolopax minor,2026-05-05T00:29:10Z,04-May-2026,20:29:10,0.69,1
American Woodcock,Scolopax minor,2026-05-05T00:28:42Z,04-May-2026,20:28:42,0.57,1
American Woodcock,Scolopax minor,2026-05-05T00:28:20Z,04-May-2026,20:28:20,0.84,1
American Woodcock,Scolopax minor,2026-05-05T00:28:07Z,04-May-2026,20:28:07,0.68,1
American Woodcock,Scolopax minor,2026-05-05T00:28:00Z,04-May-2026,20:28:00,0.93,1
American Woodcock,Scolopax minor,2026-05-05T00:27:30Z,04-May-2026,20:27:30,0.72,1
American Woodcock,Scolopax minor,2026-05-05T00:26:15Z,04-May-2026,20:26:15,0.61,1
American Woodcock,Scolopax minor,2026-05-05T00:26:00Z,04-May-2026,20:26:00,0.46,1
American Woodcock,Scolopax minor,2026-05-05T00:25:50Z,04-May-2026,20:25:50,0.43,1
American Robin,Turdus migratorius,2026-05-05T00:25:18Z,04-May-2026,20:25:18,0.7804,1
American Woodcock,Scolopax minor,2026-05-05T00:25:08Z,04-May-2026,20:25:08,0.89,1
American Woodcock,Scolopax minor,2026-05-05T00:24:38Z,04-May-2026,20:24:38,0.35,1
American Woodcock,Scolopax minor,2026-05-05T00:24:22Z,04-May-2026,20:24:22,0.96,1
American Woodcock,Scolopax minor,2026-05-05T00:24:16Z,04-May-2026,20:24:16,0.81,1
American Woodcock,Scolopax minor,2026-05-05T00:23:45Z,04-May-2026,20:23:45,0.42,1
American Woodcock,Scolopax minor,2026-05-05T00:23:33Z,04-May-2026,20:23:33,0.88,1
American Woodcock,Scolopax minor,2026-05-05T00:23:26Z,04-May-2026,20:23:26,0.84,1
American Woodcock,Scolopax minor,2026-05-05T00:23:00Z,04-May-2026,20:23:00,0.87,1
American Woodcock,Scolopax minor,2026-05-05T00:22:50Z,04-May-2026,20:22:50,0.59,1
American Woodcock,Scolopax minor,2026-05-05T00:22:34Z,04-May-2026,20:22:34,0.92,1
American Woodcock,Scolopax minor,2026-05-05T00:22:12Z,04-May-2026,20:22:12,0.79,1
American Woodcock,Scolopax minor,2026-05-05T00:22:06Z,04-May-2026,20:22:06,0.74,1
American Woodcock,Scolopax minor,2026-05-05T00:21:59Z,04-May-2026,20:21:59,0.75,1
American Woodcock,Scolopax minor,2026-05-05T00:21:17Z,04-May-2026,20:21:17,0.85,1
American Woodcock,Scolopax minor,2026-05-05T00:20:32Z,04-May-2026,20:20:32,0.76,1
American Woodcock,Scolopax minor,2026-05-05T00:20:22Z,04-May-2026,20:20:22,0.76,1
American Woodcock,Scolopax minor,2026-05-05T00:19:40Z,04-May-2026,20:19:40,0.59,1
American Woodcock,Scolopax minor,2026-05-05T00:17:31Z,04-May-2026,20:17:31,0.62,1
American Woodcock,Scolopax minor,2026-05-05T00:16:25Z,04-May-2026,20:16:25,0.65,1
American Woodcock,Scolopax minor,2026-05-05T00:15:29Z,04-May-2026,20:15:29,0.97,1
American Woodcock,Scolopax minor,2026-05-05T00:15:05Z,04-May-2026,20:15:05,0.47,1
American Woodcock,Scolopax minor,2026-05-05T00:14:26Z,04-May-2026,20:14:26,0.49,1
American Woodcock,Scolopax minor,2026-05-05T00:14:02Z,04-May-2026,20:14:02,0.51,1
Eastern Phoebe,Sayornis phoebe,2026-05-05T00:13:52Z,04-May-2026,20:13:52,0.34,1
Eastern Phoebe,Sayornis phoebe,2026-05-05T00:13:43Z,04-May-2026,20:13:43,0.55,1
Eastern Phoebe,Sayornis phoebe,2026-05-05T00:13:37Z,04-May-2026,20:13:37,0.34,1
Eastern Phoebe,Sayornis phoebe,2026-05-05T00:13:30Z,04-May-2026,20:13:30,0.71,1
Eastern Phoebe,Sayornis phoebe,2026-05-05T00:13:24Z,04-May-2026,20:13:24,0.65,1
Eastern Phoebe,Sayornis phoebe,2026-05-05T00:13:14Z,04-May-2026,20:13:14,0.42,1
Eastern Phoebe,Sayornis phoebe,2026-05-05T00:13:08Z,04-May-2026,20:13:08,0.6,1
Eastern Phoebe,Sayornis phoebe,2026-05-05T00:13:01Z,04-May-2026,20:13:01,0.55,1
Eastern Phoebe,Sayornis phoebe,2026-05-05T00:12:55Z,04-May-2026,20:12:55,0.7,1
Eastern Phoebe,Sayornis phoebe,2026-05-05T00:12:48Z,04-May-2026,20:12:48,0.65,1
Eastern Phoebe,Sayornis phoebe,2026-05-05T00:12:42Z,04-May-2026,20:12:42,0.5,1
Eastern Phoebe,Sayornis phoebe,2026-05-05T00:12:36Z,04-May-2026,20:12:36,0.62,1
Eastern Phoebe,Sayornis phoebe,2026-05-05T00:12:29Z,04-May-2026,20:12:29,0.6,1
Eastern Phoebe,Sayornis phoebe,2026-05-05T00:12:23Z,04-May-2026,20:12:23,0.67,1
Eastern Phoebe,Sayornis phoebe,2026-05-05T00:12:17Z,04-May-2026,20:12:17,0.42,1
Eastern Phoebe,Sayornis phoebe,2026-05-05T00:12:04Z,04-May-2026,20:12:04,0.28,1
Eastern Phoebe,Sayornis phoebe,2026-05-05T00:11:57Z,04-May-2026,20:11:57,0.32,1
Eastern Phoebe,Sayornis phoebe,2026-05-05T00:11:35Z,04-May-2026,20:11:35,0.57,1
Eastern Phoebe,Sayornis phoebe,2026-05-05T00:11:29Z,04-May-2026,20:11:29,0.66,1
Eastern Phoebe,Sayornis phoebe,2026-05-05T00:11:23Z,04-May-2026,20:11:23,0.53,1
Eastern Phoebe,Sayornis phoebe,2026-05-05T00:11:16Z,04-May-2026,20:11:16,0.44,1
Eastern Phoebe,Sayornis phoebe,2026-05-05T00:11:01Z,04-May-2026,20:11:01,0.45,1
American Woodcock,Scolopax minor,2026-05-05T00:10:33Z,04-May-2026,20:10:33,0.51,1
American Woodcock,Scolopax minor,2026-05-05T00:09:58Z,04-May-2026,20:09:58,0.32,1
American Robin,Turdus migratorius,2026-05-05T00:07:48Z,04-May-2026,20:07:48,0.8627,8
Barred Owl,Strix varia,2026-05-05T00:07:13Z,04-May-2026,20:07:13,0.27,1
Eastern Phoebe,Sayornis phoebe,2026-05-05T00:06:47Z,04-May-2026,20:06:47,0.59,1
American Robin,Turdus migratorius,2026-05-05T00:06:29Z,04-May-2026,20:06:29,0.69,1
American Robin,Turdus migratorius,2026-05-05T00:06:12Z,04-May-2026,20:06:12,0.8627,5
American Robin,Turdus migratorius,2026-05-05T00:06:09Z,04-May-2026,20:06:09,0.45,1
American Robin,Turdus migratorius,2026-05-05T00:06:02Z,04-May-2026,20:06:02,0.43,1
American Robin,Turdus migratorius,2026-05-05T00:05:46Z,04-May-2026,20:05:46,0.4,1
American Robin,Turdus migratorius,2026-05-05T00:05:40Z,04-May-2026,20:05:40,0.73,1
American Robin,Turdus migratorius,2026-05-05T00:05:33Z,04-May-2026,20:05:33,0.48,1
American Robin,Turdus migratorius,2026-05-05T00:05:27Z,04-May-2026,20:05:27,0.26,1
American Robin,Turdus migratorius,2026-05-05T00:05:20Z,04-May-2026,20:05:20,0.43,1
American Robin,Turdus migratorius,2026-05-05T00:05:08Z,04-May-2026,20:05:08,0.9098,1
Eastern Phoebe,Sayornis phoebe,2026-05-05T00:05:01Z,04-May-2026,20:05:01,0.4,1
Eastern Phoebe,Sayornis phoebe,2026-05-05T00:04:54Z,04-May-2026,20:04:54,0.72,1
Eastern Phoebe,Sayornis phoebe,2026-05-05T00:04:48Z,04-May-2026,20:04:48,0.37,1
Eastern Phoebe,Sayornis phoebe,2026-05-05T00:04:42Z,04-May-2026,20:04:42,0.85,1
Eastern Phoebe,Sayornis phoebe,2026-05-05T00:04:35Z,04-May-2026,20:04:35,0.93,1
American Robin,Turdus migratorius,2026-05-05T00:04:29Z,04-May-2026,20:04:29,0.37,1
Eastern Phoebe,Sayornis phoebe,2026-05-05T00:04:22Z,04-May-2026,20:04:22,0.91,1
Eastern Phoebe,Sayornis phoebe,2026-05-05T00:04:15Z,04-May-2026,20:04:15,0.44,1
Eastern Phoebe,Sayornis phoebe,2026-05-05T00:04:09Z,04-May-2026,20:04:09,0.36,1
American Robin,Turdus migratorius,2026-05-05T00:04:02Z,04-May-2026,20:04:02,0.49,1
Eastern Phoebe,Sayornis phoebe,2026-05-05T00:03:56Z,04-May-2026,20:03:56,0.89,1
Eastern Phoebe,Sayornis phoebe,2026-05-05T00:03:49Z,04-May-2026,20:03:49,0.91,1
Eastern Phoebe,Sayornis phoebe,2026-05-05T00:03:43Z,04-May-2026,20:03:43,0.67,1
Eastern Phoebe,Sayornis phoebe,2026-05-05T00:03:30Z,04-May-2026,20:03:30,0.94,1
Eastern Phoebe,Sayornis phoebe,2026-05-05T00:03:24Z,04-May-2026,20:03:24,0.94,1
Eastern Phoebe,Sayornis phoebe,2026-05-05T00:03:17Z,04-May-2026,20:03:17,0.84,1
Eastern Phoebe,Sayornis phoebe,2026-05-05T00:03:11Z,04-May-2026,20:03:11,0.86,1
Eastern Phoebe,Sayornis phoebe,2026-05-05T00:03:05Z,04-May-2026,20:03:05,0.94,1
Eastern Phoebe,Sayornis phoebe,2026-05-05T00:02:49Z,04-May-2026,20:02:49,0.95,1
Eastern Phoebe,Sayornis phoebe,2026-05-05T00:02:42Z,04-May-2026,20:02:42,0.9,1
Eastern Phoebe,Sayornis phoebe,2026-05-05T00:02:36Z,04-May-2026,20:02:36,0.94,1
Eastern Phoebe,Sayornis phoebe,2026-05-05T00:02:29Z,04-May-2026,20:02:29,0.89,1
Eastern Phoebe,Sayornis phoebe,2026-05-05T00:02:23Z,04-May-2026,20:02:23,0.95,1
Eastern Phoebe,Sayornis phoebe,2026-05-05T00:02:17Z,04-May-2026,20:02:17,0.92,1
Eastern Phoebe,Sayornis phoebe,2026-05-05T00:02:10Z,04-May-2026,20:02:10,0.95,1
Eastern Phoebe,Sayornis phoebe,2026-05-05T00:02:04Z,04-May-2026,20:02:04,0.9,1
Eastern Phoebe,Sayornis phoebe,2026-05-05T00:01:57Z,04-May-2026,20:01:57,0.9,1
Eastern Phoebe,Sayornis phoebe,2026-05-05T00:01:51Z,04-May-2026,20:01:51,0.96,1
Eastern Phoebe,Sayornis phoebe,2026-05-05T00:01:44Z,04-May-2026,20:01:44,0.98,1
Eastern Phoebe,Sayornis phoebe,2026-05-05T00:01:38Z,04-May-2026,20:01:38,0.96,1
Eastern Phoebe,Sayornis phoebe,2026-05-05T00:01:31Z,04-May-2026,20:01:31,0.98,1
Eastern Phoebe,Sayornis phoebe,2026-05-05T00:01:25Z,04-May-2026,20:01:25,0.92,1
Eastern Phoebe,Sayornis phoebe,2026-05-05T00:01:19Z,04-May-2026,20:01:19,0.97,1
Eastern Phoebe,Sayornis phoebe,2026-05-05T00:01:12Z,04-May-2026,20:01:12,0.97,1
Eastern Phoebe,Sayornis phoebe,2026-05-05T00:01:06Z,04-May-2026,20:01:06,0.81,1
Eastern Phoebe,Sayornis phoebe,2026-05-05T00:00:59Z,04-May-2026,20:00:59,0.87,1
Eastern Phoebe,Sayornis phoebe,2026-05-05T00:00:53Z,04-May-2026,20:00:53,0.93,1
Eastern Phoebe,Sayornis phoebe,2026-05-05T00:00:46Z,04-May-2026,20:00:46,0.34,1
Eastern Phoebe,Sayornis phoebe,2026-05-05T00:00:40Z,04-May-2026,20:00:40,0.32,1
Eastern Phoebe,Sayornis phoebe,2026-05-05T00:00:34Z,04-May-2026,20:00:34,0.68,1
Eastern Phoebe,Sayornis phoebe,2026-05-05T00:00:20Z,04-May-2026,20:00:20,0.89,1
Eastern Phoebe,Sayornis phoebe,2026-05-05T00:00:14Z,04-May-2026,20:00:14,0.93,1
Eastern Phoebe,Sayornis phoebe,2026-05-05T00:00:08Z,04-May-2026,20:00:08,0.97,1
